1 0.000000 1.000000
2 0.500000 1.000000
3 0.333333 1.000000
4 0.250000 1.000000
5 0.400000 1.000000
6 0.500000 0.833333
7 0.571429 0.857143
8 0.625000 0.875000
9 0.555556 0.888889
10 0.600000 0.900000
11 0.545455 0.909091
12 0.500000 0.916667
13 0.538462 0.923077
14 0.500000 0.928571
15 0.533333 0.933333
16 0.500000 0.937500
17 0.470588 0.941176
18 0.444444 0.944444
19 0.473684 0.947368
20 0.500000 0.950000
21 0.523810 0.952381
22 0.500000 0.954545
23 0.478261 0.956522
24 0.500000 0.916667
25 0.480000 0.880000
26 0.500000 0.846154
27 0.518519 0.851852
28 0.535714 0.821429
29 0.517241 0.827586
30 0.500000 0.833333
31 0.516129 0.838710
32 0.531250 0.812500
33 0.515152 0.818182
34 0.529412 0.823529
35 0.514286 0.800000
36 0.527778 0.777778
37 0.513514 0.783784
38 0.526316 0.789474
39 0.538462 0.794872
40 0.550000 0.800000
41 0.536585 0.804878
42 0.523810 0.785714
43 0.534884 0.767442
44 0.545455 0.772727
45 0.555556 0.777778
46 0.543478 0.782609
47 0.531915 0.787234
48 0.541667 0.791667
49 0.551020 0.795918
50 0.560000 0.800000
51 0.568627 0.803922
52 0.557692 0.788462
53 0.566038 0.792453
54 0.574074 0.796296
55 0.563636 0.781818
56 0.571429 0.785714
57 0.561404 0.789474
58 0.568966 0.793103
59 0.576271 0.796610
60 0.583333 0.783333
61 0.573770 0.786885
62 0.580645 0.790323
63 0.571429 0.777778
64 0.578125 0.765625
65 0.569231 0.769231
66 0.560606 0.772727
67 0.567164 0.761194
68 0.573529 0.764706
69 0.565217 0.753623
70 0.571429 0.757143
71 0.563380 0.746479
72 0.569444 0.750000
73 0.575342 0.753425
74 0.567568 0.756757
75 0.560000 0.760000
76 0.565789 0.763158
77 0.571429 0.766234
78 0.564103 0.769231
79 0.556962 0.772152
80 0.562500 0.775000
81 0.555556 0.777778
82 0.560976 0.780488
83 0.566265 0.783133
84 0.571429 0.785714
85 0.564706 0.776471
86 0.558140 0.779070
87 0.563218 0.770115
88 0.568182 0.772727
89 0.573034 0.764045
90 0.577778 0.766667
91 0.582418 0.769231
92 0.576087 0.771739
93 0.580645 0.774194
94 0.574468 0.776596
95 0.578947 0.778947
96 0.572917 0.770833
97 0.577320 0.773196
98 0.581633 0.775510
99 0.575758 0.777778
100 0.580000 0.780000
101 0.584158 0.782178
102 0.578431 0.784314
103 0.582524 0.786408
104 0.576923 0.788462
105 0.571429 0.780952
106 0.575472 0.783019
107 0.570093 0.785047
108 0.574074 0.787037
109 0.577982 0.788991
110 0.572727 0.790909
111 0.567568 0.792793
112 0.562500 0.794643
113 0.566372 0.796460
114 0.561404 0.798246
115 0.556522 0.800000
116 0.551724 0.801724
117 0.547009 0.803419
118 0.550847 0.805085
119 0.546218 0.806723
120 0.541667 0.808333
121 0.537190 0.809917
122 0.532787 0.811475
123 0.528455 0.813008
124 0.524194 0.814516
125 0.528000 0.816000
126 0.531746 0.817460
127 0.527559 0.811024
128 0.531250 0.812500
129 0.534884 0.813953
130 0.538462 0.807692
131 0.541985 0.809160
132 0.537879 0.803030
133 0.541353 0.804511
134 0.537313 0.805970
135 0.540741 0.807407
136 0.544118 0.808824
137 0.547445 0.810219
138 0.550725 0.811594
139 0.546763 0.812950
140 0.550000 0.814286
141 0.553191 0.815603
142 0.549296 0.809859
143 0.545455 0.811189
144 0.541667 0.812500
145 0.544828 0.813793
146 0.547945 0.815068
147 0.544218 0.816327
148 0.540541 0.817568
149 0.536913 0.818792
150 0.540000 0.820000
151 0.543046 0.814570
152 0.539474 0.815789
153 0.535948 0.816993
154 0.538961 0.818182
155 0.541935 0.819355
156 0.544872 0.820513
157 0.547771 0.821656
158 0.550633 0.822785
159 0.547170 0.823899
160 0.543750 0.825000
161 0.546584 0.819876
162 0.543210 0.820988
163 0.539877 0.822086
164 0.536585 0.823171
165 0.539394 0.824242
166 0.542169 0.825301
167 0.544910 0.820359
168 0.547619 0.821429
169 0.550296 0.822485
170 0.547059 0.823529
171 0.549708 0.824561
172 0.546512 0.825581
173 0.549133 0.826590
174 0.551724 0.827586
175 0.554286 0.822857
176 0.551136 0.823864
177 0.553672 0.824859
178 0.556180 0.825843
179 0.553073 0.826816
180 0.555556 0.827778
181 0.552486 0.828729
182 0.554945 0.829670
183 0.551913 0.825137
184 0.548913 0.820652
185 0.551351 0.821622
186 0.548387 0.822581
187 0.550802 0.823529
188 0.547872 0.824468
189 0.550265 0.825397
190 0.552632 0.826316
191 0.549738 0.827225
192 0.546875 0.828125
193 0.549223 0.823834
194 0.546392 0.824742
195 0.548718 0.825641
196 0.545918 0.826531
197 0.548223 0.827411
198 0.550505 0.823232
199 0.552764 0.824121
200 0.550000 0.820000
201 0.547264 0.820896
202 0.549505 0.821782
203 0.551724 0.822660
204 0.549020 0.823529
205 0.546341 0.824390
206 0.548544 0.825243
207 0.545894 0.826087
208 0.543269 0.826923
209 0.540670 0.822967
210 0.538095 0.823810
211 0.540284 0.824645
212 0.537736 0.825472
213 0.539906 0.826291
214 0.542056 0.822430
215 0.544186 0.818605
216 0.546296 0.819444
217 0.548387 0.820276
218 0.545872 0.816514
219 0.543379 0.817352
220 0.545455 0.813636
221 0.542986 0.814480
222 0.540541 0.815315
223 0.542601 0.816143
224 0.544643 0.812500
225 0.546667 0.808889
226 0.548673 0.809735
227 0.550661 0.810573
228 0.548246 0.811404
229 0.545852 0.812227
230 0.547826 0.813043
231 0.545455 0.813853
232 0.543103 0.814655
233 0.540773 0.815451
234 0.542735 0.816239
235 0.540426 0.812766
236 0.542373 0.809322
237 0.544304 0.810127
238 0.546218 0.810924
239 0.543933 0.811715
240 0.541667 0.812500
241 0.539419 0.813278
242 0.541322 0.809917
243 0.539095 0.810700
244 0.540984 0.811475
245 0.542857 0.812245
246 0.540650 0.808943
247 0.538462 0.809717
248 0.540323 0.810484
249 0.542169 0.811245
250 0.544000 0.812000
251 0.545817 0.812749
252 0.547619 0.813492
253 0.549407 0.810277
254 0.551181 0.811024
255 0.552941 0.811765
256 0.550781 0.812500
257 0.552529 0.813230
258 0.550388 0.810078
259 0.552124 0.806950
260 0.553846 0.807692
261 0.551724 0.804598
262 0.553435 0.805344
263 0.551331 0.806084
264 0.549242 0.803030
265 0.547170 0.800000
266 0.545113 0.800752
267 0.546816 0.797753
268 0.544776 0.798507
269 0.542751 0.795539
270 0.540741 0.792593
271 0.542435 0.793358
272 0.540441 0.794118
273 0.542125 0.791209
274 0.540146 0.791971
275 0.538182 0.789091
276 0.539855 0.789855
277 0.537906 0.790614
278 0.535971 0.791367
279 0.534050 0.792115
280 0.532143 0.792857
281 0.530249 0.793594
282 0.528369 0.794326
283 0.526502 0.791519
284 0.528169 0.792254
285 0.529825 0.792982
286 0.531469 0.793706
287 0.533101 0.790941
288 0.534722 0.791667
289 0.532872 0.792388
290 0.531034 0.793103
291 0.532646 0.793814
292 0.530822 0.794521
293 0.529010 0.795222
294 0.530612 0.795918
295 0.528814 0.796610
296 0.530405 0.793919
297 0.531987 0.794613
298 0.530201 0.795302
299 0.531773 0.795987
300 0.530000 0.796667
301 0.531561 0.794020
302 0.529801 0.794702
303 0.531353 0.795380
304 0.532895 0.792763
305 0.531148 0.793443
306 0.532680 0.790850
307 0.534202 0.791531
308 0.532468 0.788961
309 0.530744 0.789644
310 0.532258 0.790323
311 0.530547 0.790997
312 0.528846 0.791667
313 0.527157 0.789137
314 0.525478 0.789809
315 0.526984 0.790476
316 0.525316 0.787975
317 0.523659 0.788644
318 0.525157 0.789308
319 0.526646 0.789969
320 0.528125 0.790625
321 0.529595 0.791277
322 0.527950 0.788820
323 0.529412 0.789474
324 0.527778 0.790123
325 0.529231 0.787692
326 0.527607 0.788344
327 0.529052 0.788991
328 0.530488 0.789634
329 0.531915 0.790274
330 0.533333 0.790909
331 0.531722 0.791541
332 0.530120 0.792169
333 0.528529 0.792793
334 0.526946 0.793413
335 0.525373 0.791045
336 0.523810 0.791667
337 0.525223 0.792285
338 0.523669 0.792899
339 0.525074 0.793510
340 0.523529 0.794118
341 0.524927 0.794721
342 0.523392 0.795322
343 0.524781 0.793003
344 0.523256 0.790698
345 0.524638 0.791304
346 0.523121 0.791908
347 0.521614 0.792507
348 0.522989 0.793103
349 0.524355 0.793696
350 0.522857 0.794286
351 0.521368 0.794872
352 0.522727 0.795455
353 0.524079 0.796034
354 0.522599 0.796610
355 0.521127 0.797183
356 0.519663 0.797753
357 0.518207 0.798319
358 0.516760 0.796089
359 0.518106 0.796657
360 0.516667 0.797222
361 0.518006 0.795014
362 0.519337 0.792818
363 0.517906 0.793388
364 0.519231 0.793956
365 0.517808 0.791781
366 0.516393 0.792350
367 0.517711 0.790191
368 0.519022 0.790761
369 0.517615 0.791328
370 0.518919 0.791892
371 0.520216 0.792453
372 0.518817 0.793011
373 0.520107 0.790885
374 0.521390 0.791444
375 0.520000 0.792000
376 0.521277 0.792553
377 0.519894 0.790451
378 0.521164 0.791005
379 0.519789 0.791557
380 0.518421 0.792105
381 0.517060 0.792651
382 0.515707 0.793194
383 0.516971 0.793734
384 0.515625 0.794271
385 0.516883 0.792208
386 0.515544 0.790155
387 0.514212 0.790698
388 0.515464 0.791237
389 0.514139 0.791774
390 0.515385 0.792308
391 0.516624 0.792839
392 0.515306 0.790816
393 0.516539 0.791349
394 0.517766 0.791878
395 0.516456 0.789873
396 0.517677 0.790404
397 0.518892 0.790932
398 0.520101 0.791457
399 0.521303 0.789474
400 0.520000 0.790000
401 0.521197 0.790524
402 0.522388 0.791045
403 0.521092 0.791563
404 0.519802 0.792079
405 0.518519 0.790123
406 0.517241 0.790640
407 0.515971 0.791155
408 0.517157 0.791667
409 0.518337 0.792176
410 0.519512 0.792683
411 0.518248 0.793187
412 0.519417 0.793689
413 0.518160 0.794189
414 0.516908 0.792271
415 0.518072 0.792771
416 0.516827 0.793269
417 0.515588 0.791367
418 0.516746 0.791866
419 0.515513 0.789976
420 0.516667 0.790476
421 0.515439 0.790974
422 0.516588 0.791469
423 0.517730 0.791962
424 0.518868 0.792453
425 0.520000 0.792941
426 0.518779 0.793427
427 0.517564 0.793911
428 0.516355 0.794393
429 0.517483 0.794872
430 0.518605 0.795349
431 0.519722 0.795824
432 0.518519 0.796296
433 0.517321 0.796767
434 0.516129 0.797235
435 0.517241 0.797701
436 0.518349 0.795872
437 0.517162 0.796339
438 0.515982 0.796804
439 0.517084 0.797267
440 0.518182 0.797727
441 0.519274 0.798186
442 0.518100 0.798643
443 0.516930 0.799097
444 0.515766 0.799550
445 0.516854 0.800000
446 0.517937 0.800448
447 0.519016 0.800895
448 0.520089 0.801339
449 0.521158 0.801782
450 0.520000 0.802222
451 0.521064 0.802661
452 0.522124 0.803097
453 0.520971 0.803532
454 0.522026 0.803965
455 0.523077 0.804396
456 0.521930 0.804825
457 0.520788 0.803063
458 0.521834 0.803493
459 0.520697 0.803922
460 0.519565 0.802174
461 0.520607 0.802603
462 0.521645 0.803030
463 0.522678 0.801296
464 0.521552 0.799569
465 0.520430 0.797849
466 0.521459 0.798283
467 0.522484 0.798715
468 0.521368 0.799145
469 0.520256 0.799574
470 0.519149 0.800000
471 0.518047 0.800425
472 0.516949 0.798729
473 0.515856 0.799154
474 0.514768 0.799578
475 0.513684 0.800000
476 0.514706 0.800420
477 0.515723 0.798742
478 0.514644 0.799163
479 0.513570 0.799582
480 0.514583 0.800000
481 0.513514 0.800416
482 0.514523 0.800830
483 0.513458 0.801242
484 0.514463 0.801653
485 0.515464 0.802062
486 0.516461 0.800412
487 0.517454 0.800821
488 0.518443 0.801230
489 0.519427 0.799591
490 0.518367 0.800000
491 0.519348 0.798371
492 0.518293 0.798780
493 0.517241 0.799189
494 0.516194 0.799595
495 0.517172 0.800000
496 0.516129 0.800403
497 0.515091 0.800805
498 0.514056 0.801205
499 0.513026 0.799599
500 0.512000 0.800000
501 0.510978 0.800399
502 0.509960 0.800797
503 0.510934 0.801193
504 0.509921 0.801587
505 0.510891 0.801980
506 0.509881 0.802372
507 0.508876 0.802761
508 0.507874 0.801181
509 0.508841 0.801572
510 0.509804 0.801961
511 0.510763 0.802348
512 0.511719 0.800781
513 0.512671 0.801170
514 0.511673 0.801556
515 0.510680 0.801942
516 0.509690 0.802326
517 0.510638 0.802708
518 0.509653 0.803089
519 0.510597 0.801541
520 0.509615 0.801923
521 0.508637 0.802303
522 0.509579 0.800766
523 0.510516 0.801147
524 0.509542 0.799618
525 0.508571 0.798095
526 0.509506 0.798479
527 0.508539 0.798861
528 0.509470 0.799242
529 0.510397 0.797732
530 0.509434 0.796226
531 0.508475 0.796610
532 0.507519 0.796992
533 0.508443 0.797373
534 0.507491 0.797753
535 0.506542 0.796262
536 0.505597 0.796642
537 0.504655 0.795158
538 0.503717 0.795539
539 0.502783 0.795918
540 0.501852 0.796296
541 0.500924 0.796673
542 0.501845 0.797048
543 0.502762 0.797422
544 0.503676 0.797794
545 0.502752 0.798165
546 0.501832 0.798535
547 0.500914 0.798903
548 0.501825 0.799270
549 0.502732 0.799636
550 0.501818 0.800000
551 0.502722 0.800363
552 0.503623 0.800725
553 0.504521 0.801085
554 0.503610 0.799639
555 0.502703 0.800000
556 0.501799 0.798561
557 0.502693 0.798923
558 0.501792 0.799283
559 0.502683 0.799642
560 0.501786 0.798214
561 0.502674 0.798574
562 0.503559 0.798932
563 0.504440 0.799290
564 0.503546 0.799645
565 0.504425 0.800000
566 0.505300 0.800353
567 0.506173 0.798942
568 0.507042 0.799296
569 0.506151 0.799649
570 0.507018 0.798246
571 0.507881 0.798599
572 0.506993 0.798951
573 0.507853 0.799302
574 0.508711 0.799652
575 0.507826 0.800000
576 0.508681 0.800347
577 0.507799 0.800693
578 0.506920 0.801038
579 0.507772 0.801382
580 0.508621 0.800000
581 0.507745 0.800344
582 0.508591 0.800687
583 0.509434 0.801029
584 0.508562 0.801370
585 0.507692 0.800000
586 0.508532 0.798635
587 0.509370 0.798978
588 0.510204 0.797619
589 0.511036 0.797963
590 0.511864 0.798305
591 0.510998 0.798646
592 0.511824 0.798986
593 0.512648 0.797639
594 0.513468 0.797980
595 0.514286 0.798319
596 0.513423 0.798658
597 0.512563 0.797320
598 0.513378 0.797659
599 0.512521 0.797997
600 0.513333 0.798333
601 0.512479 0.798669
602 0.513289 0.799003
603 0.512438 0.799337
604 0.511589 0.798013
605 0.510744 0.798347
606 0.511551 0.798680
607 0.512356 0.799012
608 0.511513 0.799342
609 0.510673 0.799672
610 0.511475 0.800000
611 0.510638 0.800327
612 0.511438 0.800654
613 0.512235 0.800979
614 0.513029 0.801303
615 0.512195 0.800000
616 0.512987 0.800325
617 0.513776 0.800648
618 0.512945 0.800971
619 0.512116 0.799677
620 0.511290 0.798387
621 0.512077 0.798712
622 0.511254 0.797428
623 0.512039 0.797753
624 0.512821 0.798077
625 0.512000 0.798400
626 0.512780 0.798722
627 0.511962 0.799043
628 0.511146 0.797771
629 0.511924 0.798092
630 0.511111 0.798413
631 0.510301 0.798732
632 0.511076 0.797468
633 0.511848 0.797788
634 0.511041 0.798107
635 0.510236 0.798425
636 0.511006 0.798742
637 0.511774 0.797488
638 0.510972 0.797806
639 0.511737 0.798122
640 0.512500 0.798438
641 0.511700 0.797192
642 0.510903 0.797508
643 0.510109 0.797823
644 0.510870 0.798137
645 0.510078 0.798450
646 0.509288 0.797214
647 0.510046 0.795981
648 0.509259 0.796296
649 0.510015 0.796610
650 0.509231 0.796923
651 0.509985 0.797235
652 0.509202 0.797546
653 0.508423 0.796325
654 0.507645 0.796636
655 0.508397 0.796947
656 0.507622 0.797256
657 0.506849 0.797565
658 0.506079 0.796353
659 0.505311 0.796662
660 0.504545 0.795455
661 0.505295 0.795764
662 0.506042 0.796073
663 0.505279 0.796380
664 0.504518 0.796687
665 0.503759 0.796992
666 0.503003 0.797297
667 0.502249 0.797601
668 0.502994 0.797904
669 0.502242 0.798206
670 0.501493 0.797015
671 0.500745 0.795827
672 0.501488 0.796131
673 0.502229 0.796434
674 0.501484 0.796736
675 0.502222 0.797037
676 0.502959 0.797337
677 0.503693 0.797637
678 0.504425 0.797935
679 0.505155 0.798233
680 0.505882 0.797059
681 0.505140 0.797357
682 0.504399 0.797654
683 0.503660 0.797950
684 0.504386 0.796784
685 0.505109 0.795620
686 0.504373 0.795918
687 0.503639 0.796215
688 0.502907 0.796512
689 0.502177 0.796807
690 0.502899 0.797101
691 0.503618 0.795948
692 0.504335 0.796243
693 0.503608 0.796537
694 0.504323 0.796830
695 0.505036 0.797122
696 0.505747 0.797414
697 0.506456 0.796270
698 0.505731 0.796562
699 0.506438 0.796853
700 0.507143 0.797143
701 0.507846 0.796006
702 0.508547 0.794872
703 0.507824 0.795164
704 0.507102 0.795455
705 0.507801 0.795745
706 0.507082 0.796034
707 0.506365 0.796322
708 0.505650 0.796610
709 0.504937 0.796897
710 0.505634 0.797183
711 0.504923 0.797468
712 0.504213 0.797753
713 0.503506 0.798036
714 0.502801 0.798319
715 0.502098 0.798601
716 0.502793 0.798883
717 0.502092 0.799163
718 0.502786 0.799443
719 0.503477 0.799722
720 0.502778 0.798611
721 0.502080 0.798890
722 0.502770 0.799169
723 0.503458 0.799447
724 0.502762 0.799724
725 0.502069 0.798621
726 0.502755 0.798898
727 0.502063 0.797799
728 0.501374 0.798077
729 0.502058 0.798354
730 0.501370 0.798630
731 0.500684 0.798906
732 0.500000 0.799180
733 0.500682 0.798090
734 0.500000 0.798365
735 0.499320 0.798639
736 0.498641 0.798913
737 0.497965 0.799186
738 0.497290 0.799458
739 0.497970 0.799729
740 0.497297 0.800000
741 0.497976 0.800270
742 0.498652 0.800539
743 0.499327 0.800808
744 0.500000 0.799731
745 0.500671 0.798658
746 0.500000 0.798928
747 0.500669 0.799197
748 0.501337 0.799465
749 0.502003 0.798398
750 0.501333 0.798667
751 0.501997 0.798935
752 0.502660 0.799202
753 0.501992 0.799469
754 0.501326 0.799735
755 0.500662 0.800000
756 0.500000 0.800265
757 0.500661 0.799207
758 0.501319 0.799472
759 0.501976 0.799736
760 0.501316 0.800000
761 0.500657 0.798949
762 0.501312 0.799213
763 0.500655 0.799476
764 0.501309 0.799738
765 0.500654 0.800000
766 0.501305 0.800261
767 0.500652 0.800522
768 0.501302 0.800781
769 0.501951 0.801040
770 0.501299 0.800000
771 0.501946 0.800259
772 0.502591 0.800518
773 0.501940 0.800776
774 0.502584 0.801034
775 0.503226 0.801290
776 0.503866 0.801546
777 0.503218 0.801802
778 0.502571 0.802057
779 0.501926 0.802311
780 0.502564 0.801282
781 0.503201 0.801536
782 0.503836 0.801790
783 0.503193 0.802043
784 0.503827 0.802296
785 0.503185 0.802548
786 0.502545 0.802799
787 0.501906 0.803050
788 0.502538 0.803299
789 0.501901 0.803549
790 0.501266 0.803797
791 0.500632 0.804046
792 0.501263 0.804293
793 0.501892 0.804540
794 0.501259 0.804786
795 0.500629 0.805031
796 0.500000 0.805276
797 0.499373 0.805521
798 0.498747 0.804511
799 0.498123 0.804756
800 0.497500 0.803750
801 0.496879 0.803995
802 0.496259 0.804239
803 0.496887 0.804483
804 0.496269 0.803483
805 0.496894 0.802484
806 0.496278 0.801489
807 0.495663 0.800496
808 0.495050 0.800743
809 0.494438 0.800989
810 0.493827 0.801235
811 0.493218 0.801480
812 0.492611 0.801724
813 0.493235 0.800738
814 0.492629 0.800983
815 0.492025 0.801227
816 0.491422 0.801471
817 0.492044 0.801714
818 0.491443 0.801956
819 0.492063 0.802198
820 0.492683 0.801220
821 0.493301 0.801462
822 0.492701 0.800487
823 0.493317 0.800729
824 0.492718 0.800971
825 0.493333 0.801212
826 0.492736 0.801453
827 0.492140 0.801693
828 0.492754 0.801932
829 0.492159 0.802171
830 0.491566 0.802410
831 0.490975 0.802647
832 0.491587 0.801683
833 0.490996 0.801921
834 0.490408 0.802158
835 0.489820 0.801198
836 0.490431 0.801435
837 0.491039 0.801673
838 0.490453 0.801909
839 0.491061 0.800954
840 0.490476 0.800000
841 0.489893 0.800238
842 0.490499 0.800475
843 0.491103 0.800712
844 0.491706 0.800948
845 0.491124 0.801183
846 0.491726 0.801418
847 0.492326 0.801653
848 0.492925 0.800708
849 0.492344 0.800942
850 0.492941 0.801176
851 0.493537 0.801410
852 0.492958 0.801643
853 0.493552 0.801876
854 0.494145 0.800937
855 0.494737 0.801170
856 0.495327 0.800234
857 0.494749 0.800467
858 0.494172 0.800699
859 0.494761 0.800931
860 0.495349 0.800000
861 0.495935 0.800232
862 0.495360 0.800464
863 0.495944 0.800695
864 0.495370 0.800926
865 0.494798 0.801156
866 0.494226 0.801386
867 0.493656 0.801615
868 0.493088 0.801843
869 0.493671 0.802071
870 0.493103 0.802299
871 0.493685 0.802526
872 0.493119 0.802752
873 0.493700 0.802978
874 0.493135 0.803204
875 0.493714 0.802286
876 0.493151 0.801370
877 0.493729 0.801596
878 0.494305 0.801822
879 0.493743 0.800910
880 0.494318 0.801136
881 0.493757 0.801362
882 0.493197 0.800454
883 0.492639 0.800680
884 0.493213 0.799774
885 0.493785 0.800000
886 0.493228 0.800226
887 0.492672 0.800451
888 0.493243 0.800676
889 0.492688 0.800900
890 0.492135 0.801124
891 0.492705 0.800224
892 0.492152 0.800448
893 0.491601 0.799552
894 0.491051 0.799776
895 0.491620 0.800000
896 0.492188 0.800223
897 0.492754 0.800446
898 0.492205 0.800668
899 0.492770 0.800890
900 0.493333 0.801111
901 0.493896 0.801332
902 0.493348 0.801552
903 0.493909 0.800664
904 0.493363 0.800885
905 0.493923 0.801105
906 0.494481 0.801325
907 0.493936 0.800441
908 0.493392 0.799559
909 0.492849 0.799780
910 0.492308 0.800000
911 0.492865 0.800220
912 0.492325 0.800439
913 0.491785 0.800657
914 0.491247 0.800875
915 0.491803 0.801093
916 0.492358 0.800218
917 0.492912 0.800436
918 0.492375 0.800654
919 0.491839 0.800871
920 0.492391 0.800000
921 0.492942 0.800217
922 0.493492 0.800434
923 0.492958 0.800650
924 0.492424 0.800866
925 0.492973 0.801081
926 0.493521 0.801296
927 0.494067 0.801510
928 0.493534 0.801724
929 0.493003 0.801938
930 0.493548 0.802151
931 0.494092 0.802363
932 0.494635 0.802575
933 0.495177 0.801715
934 0.494647 0.801927
935 0.495187 0.802139
936 0.495726 0.802350
937 0.495197 0.801494
938 0.495736 0.801706
939 0.495208 0.801917
940 0.495745 0.802128
941 0.495218 0.802338
942 0.495754 0.802548
943 0.496288 0.802757
944 0.495763 0.802966
945 0.496296 0.803175
946 0.496829 0.802326
947 0.497360 0.801478
948 0.497890 0.800633
949 0.498419 0.800843
950 0.498947 0.801053
951 0.499474 0.801262
952 0.500000 0.800420
953 0.499475 0.800630
954 0.500000 0.799790
955 0.499476 0.800000
956 0.500000 0.800209
957 0.499478 0.800418
958 0.498956 0.800626
959 0.499479 0.800834
960 0.498958 0.801042
961 0.498439 0.801249
962 0.497921 0.801455
963 0.497404 0.801661
964 0.497925 0.801867
965 0.497409 0.802073
966 0.497930 0.802277
967 0.497415 0.802482
968 0.497934 0.802686
969 0.497420 0.801858
970 0.497938 0.802062
971 0.498455 0.802266
972 0.497942 0.802469
973 0.497431 0.801644
974 0.496920 0.800821
975 0.497436 0.800000
976 0.496926 0.800205
977 0.496418 0.799386
978 0.496933 0.799591
979 0.496425 0.799796
980 0.495918 0.800000
981 0.496432 0.800204
982 0.495927 0.800407
983 0.495422 0.799593
984 0.495935 0.799797
985 0.496447 0.800000
986 0.495943 0.800203
987 0.495441 0.800405
988 0.494939 0.800607
989 0.494439 0.800809
990 0.493939 0.801010
991 0.494450 0.801211
992 0.493952 0.801411
993 0.493454 0.801611
994 0.493964 0.800805
995 0.493467 0.801005
996 0.492972 0.801205
997 0.492477 0.800401
998 0.492986 0.800601
999 0.492492 0.800801
1000 0.492000 0.801000
1001 0.491508 0.801199
1002 0.492016 0.801397
1003 0.492522 0.801595
1004 0.492032 0.801793
1005 0.491542 0.801990
1006 0.492048 0.802187
1007 0.492552 0.802383
1008 0.492063 0.802579
1009 0.492567 0.802775
1010 0.492079 0.802970
1011 0.491592 0.803165
1012 0.491107 0.803360
1013 0.490622 0.803554
1014 0.491124 0.803748
1015 0.490640 0.803941
1016 0.491142 0.804134
1017 0.490659 0.804326
1018 0.490177 0.804519
1019 0.490677 0.804711
1020 0.491176 0.803922
1021 0.491675 0.804114
1022 0.492172 0.803327
1023 0.492669 0.802542
1024 0.492188 0.802734
1025 0.492683 0.801951
1026 0.492203 0.802144
1027 0.492697 0.801363
1028 0.492218 0.801556
1029 0.492711 0.800777
1030 0.493204 0.800971
1031 0.492726 0.801164
1032 0.492248 0.800388
1033 0.491772 0.800581
1034 0.492263 0.800774
1035 0.491787 0.800000
1036 0.492278 0.800193
1037 0.492768 0.800386
1038 0.492293 0.800578
1039 0.492782 0.800770
1040 0.492308 0.800962
1041 0.492795 0.801153
1042 0.492322 0.801344
1043 0.491850 0.801534
1044 0.492337 0.800766
1045 0.492823 0.800957
1046 0.492352 0.801147
1047 0.491882 0.801337
1048 0.491412 0.801527
1049 0.491897 0.801716
1050 0.492381 0.800952
1051 0.491912 0.801142
1052 0.491445 0.801331
1053 0.491928 0.801519
1054 0.492410 0.800759
1055 0.492891 0.800000
1056 0.493371 0.799242
1057 0.492904 0.798486
1058 0.492439 0.798677
1059 0.492918 0.798867
1060 0.493396 0.799057
1061 0.492931 0.799246
1062 0.493409 0.799435
1063 0.492944 0.799624
1064 0.493421 0.799812
1065 0.493897 0.800000
1066 0.493433 0.799250
1067 0.493908 0.799438
1068 0.494382 0.799625
1069 0.494855 0.799813
1070 0.494393 0.800000
1071 0.494865 0.800187
1072 0.495336 0.800373
1073 0.494874 0.800559
1074 0.495345 0.800745
1075 0.495814 0.800930
1076 0.495353 0.801115
1077 0.494893 0.801300
1078 0.495362 0.801484
1079 0.495829 0.801668
1080 0.496296 0.801852
1081 0.496762 0.802035
1082 0.497227 0.802218
1083 0.497692 0.802401
1084 0.497232 0.802583
1085 0.496774 0.802765
1086 0.497238 0.802947
1087 0.497700 0.803128
1088 0.497243 0.803309
1089 0.496786 0.802571
1090 0.496330 0.802752
1091 0.495875 0.802016
1092 0.495421 0.802198
1093 0.495883 0.802379
1094 0.496344 0.801645
1095 0.496804 0.801826
1096 0.497263 0.802007
1097 0.496809 0.802188
1098 0.496357 0.802368
1099 0.496815 0.802548
1100 0.496364 0.802727
1101 0.496821 0.802906
1102 0.496370 0.803085
1103 0.496827 0.803264
1104 0.496377 0.803442
1105 0.495928 0.803620
1106 0.496383 0.803797
1107 0.495935 0.803975
1108 0.495487 0.804152
1109 0.495942 0.804328
1110 0.495495 0.804505
1111 0.495950 0.804680
1112 0.496403 0.804856
1113 0.496855 0.805031
1114 0.497307 0.805206
1115 0.497758 0.804484
1116 0.497312 0.804659
1117 0.496867 0.804834
1118 0.497317 0.804114
1119 0.497766 0.803396
1120 0.497321 0.802679
1121 0.497770 0.802855
1122 0.497326 0.802139
1123 0.496883 0.802315
1124 0.496441 0.801601
1125 0.496000 0.801778
1126 0.495560 0.801954
1127 0.495120 0.802130
1128 0.494681 0.802305
1129 0.495128 0.802480
1130 0.495575 0.802655
1131 0.495137 0.802829
1132 0.495583 0.803004
1133 0.496028 0.803177
1134 0.495591 0.803351
1135 0.495154 0.803524
1136 0.494718 0.803697
1137 0.494283 0.803870
1138 0.493849 0.804042
1139 0.494293 0.804214
1140 0.494737 0.804386
1141 0.494303 0.804557
1142 0.494746 0.804729
1143 0.494313 0.804899
1144 0.494755 0.805070
1145 0.494323 0.805240
1146 0.493892 0.805410
1147 0.494333 0.805580
1148 0.494774 0.805749
1149 0.495213 0.805048
1150 0.494783 0.805217
1151 0.495222 0.805387
1152 0.495660 0.804688
1153 0.495230 0.804857
1154 0.495667 0.805026
1155 0.496104 0.805195
1156 0.496540 0.805363
1157 0.496111 0.805532
1158 0.495682 0.805699
1159 0.496117 0.805004
1160 0.495690 0.805172
1161 0.496124 0.805340
1162 0.495697 0.805508
1163 0.496131 0.805675
1164 0.495704 0.805842
1165 0.496137 0.806009
1166 0.496569 0.806175
1167 0.496144 0.805484
1168 0.496575 0.804795
1169 0.497006 0.804106
1170 0.497436 0.804274
1171 0.497865 0.803587
1172 0.497440 0.803754
1173 0.497016 0.803922
1174 0.497445 0.804089
1175 0.497872 0.803404
1176 0.497449 0.803571
1177 0.497026 0.803738
1178 0.496604 0.803056
1179 0.497031 0.803223
1180 0.496610 0.803390
1181 0.497036 0.803556
1182 0.496616 0.803723
1183 0.496196 0.803888
1184 0.495777 0.804054
1185 0.496203 0.804219
1186 0.496627 0.804384
1187 0.496209 0.804549
1188 0.496633 0.804714
1189 0.496215 0.804878
1190 0.496639 0.805042
1191 0.496222 0.805206
1192 0.495805 0.805369
1193 0.496228 0.804694
1194 0.496650 0.804858
1195 0.496234 0.804184
1196 0.495819 0.804348
1197 0.495405 0.803676
1198 0.494992 0.803840
1199 0.495413 0.804003
1200 0.495833 0.804167
1201 0.495420 0.804330
1202 0.495840 0.803661
1203 0.495428 0.803824
1204 0.495017 0.803987
1205 0.494606 0.804149
1206 0.494196 0.804312
1207 0.494615 0.803645
1208 0.494205 0.803808
1209 0.494624 0.803970
1210 0.495041 0.804132
1211 0.495458 0.804294
1212 0.495050 0.804455
1213 0.495466 0.803792
1214 0.495881 0.803954
1215 0.496296 0.804115
1216 0.496711 0.803454
1217 0.496302 0.803615
1218 0.496716 0.803777
1219 0.496308 0.803938
1220 0.496721 0.804098
1221 0.497133 0.804259
1222 0.497545 0.804419
1223 0.497956 0.804579
1224 0.498366 0.804739
1225 0.498776 0.804898
1226 0.499184 0.805057
1227 0.499593 0.805216
1228 0.500000 0.805375
1229 0.499593 0.804719
1230 0.499187 0.804878
1231 0.499594 0.805037
1232 0.500000 0.805195
1233 0.499594 0.805353
1234 0.499190 0.805511
1235 0.498785 0.804858
1236 0.498382 0.805016
1237 0.497979 0.805174
1238 0.498384 0.805331
1239 0.498789 0.805488
1240 0.499194 0.805645
1241 0.499597 0.805802
1242 0.500000 0.805958
1243 0.499598 0.806114
1244 0.499196 0.806270
1245 0.498795 0.806426
1246 0.498395 0.806581
1247 0.498797 0.806736
1248 0.498397 0.806891
1249 0.497998 0.807046
1250 0.498400 0.807200
1251 0.498801 0.807354
1252 0.499201 0.807508
1253 0.499601 0.807662
1254 0.500000 0.807815
1255 0.500398 0.807968
1256 0.500000 0.808121
1257 0.500398 0.808274
1258 0.500000 0.807631
1259 0.499603 0.807784
1260 0.499206 0.807937
1261 0.499603 0.808089
1262 0.500000 0.807448
1263 0.500396 0.807601
1264 0.500000 0.807753
1265 0.500395 0.807905
1266 0.500000 0.808057
1267 0.499605 0.807419
1268 0.499211 0.807571
1269 0.499606 0.807723
1270 0.500000 0.807087
1271 0.499607 0.807238
1272 0.499214 0.807390
1273 0.499607 0.806756
1274 0.500000 0.806907
1275 0.500392 0.807059
1276 0.500000 0.807210
1277 0.499608 0.807361
1278 0.500000 0.807512
1279 0.499609 0.807662
1280 0.500000 0.807813
1281 0.500390 0.807182
1282 0.500000 0.807332
1283 0.499610 0.807482
1284 0.500000 0.806854
1285 0.499611 0.807004
1286 0.499222 0.807154
1287 0.498834 0.807304
1288 0.499224 0.807453
1289 0.499612 0.807603
1290 0.499225 0.806977
1291 0.498838 0.807126
1292 0.498452 0.807276
1293 0.498067 0.806651
1294 0.497682 0.806028
1295 0.497297 0.806178
1296 0.496914 0.805556
1297 0.497301 0.804934
1298 0.496918 0.805085
1299 0.497306 0.805235
1300 0.497692 0.805385
1301 0.498078 0.805534
1302 0.497696 0.804916
1303 0.498081 0.804298
1304 0.498466 0.804448
1305 0.498851 0.804598
1306 0.499234 0.804747
1307 0.498852 0.804897
1308 0.499235 0.805046
1309 0.499618 0.805195
1310 0.499237 0.804580
1311 0.499619 0.804729
1312 0.500000 0.804878
1313 0.500381 0.805027
1314 0.500761 0.805175
1315 0.500380 0.805323
1316 0.500760 0.805471
1317 0.500380 0.805619
1318 0.500759 0.805008
1319 0.501137 0.805155
1320 0.501515 0.805303
1321 0.501136 0.805450
1322 0.500756 0.805598
1323 0.501134 0.805745
1324 0.501511 0.805891
1325 0.501887 0.806038
1326 0.501508 0.806184
1327 0.501884 0.805576
1328 0.502259 0.805723
1329 0.501881 0.805869
1330 0.501504 0.805263
1331 0.501127 0.805409
1332 0.501502 0.805556
1333 0.501125 0.805701
1334 0.501499 0.805097
1335 0.501124 0.805243
1336 0.500749 0.805389
1337 0.501122 0.805535
1338 0.500747 0.805680
1339 0.501120 0.805825
1340 0.500746 0.805970
1341 0.501119 0.806115
1342 0.500745 0.806259
1343 0.500372 0.806404
1344 0.500744 0.806548
1345 0.500372 0.806691
1346 0.500000 0.806835
1347 0.499629 0.806978
1348 0.500000 0.807122
1349 0.500371 0.807265
1350 0.500741 0.807407
1351 0.501110 0.807550
1352 0.501479 0.807692
1353 0.501848 0.807095
1354 0.501477 0.807238
1355 0.501845 0.807380
1356 0.502212 0.807522
1357 0.502579 0.807664
1358 0.502209 0.807806
1359 0.502575 0.807947
1360 0.502206 0.808088
1361 0.502572 0.808229
1362 0.502937 0.807636
1363 0.503302 0.807777
1364 0.503666 0.807918
1365 0.503297 0.808059
1366 0.502928 0.808199
1367 0.503292 0.807608
1368 0.503655 0.807749
1369 0.504018 0.807159
1370 0.503650 0.807299
1371 0.503282 0.807440
1372 0.503644 0.807580
1373 0.504006 0.807720
1374 0.504367 0.807860
1375 0.504727 0.808000
1376 0.504360 0.808140
1377 0.503994 0.807553
1378 0.504354 0.806967
1379 0.503988 0.807107
1380 0.503623 0.807246
1381 0.503983 0.806662
1382 0.503618 0.806802
1383 0.503254 0.806941
1384 0.503613 0.807081
1385 0.503249 0.806498
1386 0.502886 0.806638
1387 0.503244 0.806777
1388 0.502882 0.806916
1389 0.502520 0.807055
1390 0.502158 0.806475
1391 0.502516 0.805895
1392 0.502155 0.806034
1393 0.502513 0.805456
1394 0.502869 0.805595
1395 0.503226 0.805735
1396 0.503582 0.805874
1397 0.503221 0.805297
1398 0.503577 0.805436
1399 0.503217 0.805575
1400 0.503571 0.805714
1401 0.503212 0.805853
1402 0.502853 0.805991
1403 0.503207 0.806130
1404 0.503561 0.806268
1405 0.503915 0.806406
1406 0.503556 0.806543
1407 0.503198 0.806681
1408 0.502841 0.806108
1409 0.503194 0.806246
1410 0.502837 0.806383
1411 0.503189 0.806520
1412 0.503541 0.806657
1413 0.503892 0.806794
1414 0.503536 0.806931
1415 0.503180 0.807067
1416 0.503531 0.807203
1417 0.503881 0.806634
1418 0.504231 0.806770
1419 0.504581 0.806906
1420 0.504225 0.807042
1421 0.503871 0.806474
1422 0.504219 0.806610
1423 0.503865 0.806746
1424 0.503511 0.806180
1425 0.503860 0.806316
1426 0.504208 0.806452
1427 0.504555 0.806587
1428 0.504202 0.806723
1429 0.504549 0.806858
1430 0.504895 0.806993
1431 0.505241 0.807128
1432 0.504888 0.807263
1433 0.504536 0.807397
1434 0.504184 0.807531
1435 0.504530 0.807666
1436 0.504875 0.807103
1437 0.504523 0.807237
1438 0.504868 0.807371
1439 0.505212 0.806810
1440 0.504861 0.806944
1441 0.505205 0.807078
1442 0.505548 0.807212
1443 0.505198 0.807346
1444 0.504848 0.807479
1445 0.504498 0.807612
1446 0.504841 0.807746
1447 0.505183 0.807187
1448 0.505525 0.807320
1449 0.505176 0.807453
1450 0.505517 0.807586
1451 0.505858 0.807719
1452 0.506198 0.807851
1453 0.505850 0.807983
1454 0.506190 0.808116
1455 0.506529 0.807560
1456 0.506868 0.807692
1457 0.507207 0.807824
1458 0.507545 0.807956
1459 0.507197 0.808088
1460 0.507534 0.808219
1461 0.507187 0.808350
1462 0.507524 0.808482
1463 0.507861 0.808612
1464 0.507514 0.808743
1465 0.507167 0.808874
1466 0.506821 0.809004
1467 0.507157 0.809134
1468 0.507493 0.808583
1469 0.507148 0.808713
1470 0.506803 0.808844
1471 0.506458 0.808294
1472 0.506114 0.808424
1473 0.506449 0.807875
1474 0.506106 0.808005
1475 0.505763 0.808136
1476 0.505420 0.807588
1477 0.505078 0.807718
1478 0.505413 0.807848
1479 0.505071 0.807978
1480 0.505405 0.808108
1481 0.505064 0.808238
1482 0.504723 0.807692
1483 0.505057 0.807822
1484 0.504717 0.807951
1485 0.504377 0.808081
1486 0.504038 0.808210
1487 0.503699 0.808339
1488 0.503360 0.807796
1489 0.503694 0.807925
1490 0.504027 0.807383
1491 0.503689 0.806841
1492 0.503351 0.806971
1493 0.503684 0.807100
1494 0.503347 0.806560
1495 0.503010 0.806689
1496 0.502674 0.806818
1497 0.503006 0.806947
1498 0.502670 0.807076
1499 0.502335 0.807205
1500 0.502000 0.807333
1501 0.502332 0.807462
1502 0.501997 0.806924
1503 0.502329 0.807053
1504 0.502660 0.807181
1505 0.502990 0.807309
1506 0.502656 0.807437
1507 0.502986 0.807565
1508 0.502653 0.807692
1509 0.502982 0.807820
1510 0.502649 0.807947
1511 0.502316 0.807412
1512 0.501984 0.807540
1513 0.502313 0.807667
1514 0.502642 0.807133
1515 0.502310 0.807261
1516 0.502639 0.807388
1517 0.502966 0.807515
1518 0.503294 0.807642
1519 0.503621 0.807768
1520 0.503947 0.807895
1521 0.504274 0.808021
1522 0.503942 0.808147
1523 0.503611 0.808273
1524 0.503281 0.807743
1525 0.502951 0.807869
1526 0.502621 0.807995
1527 0.502947 0.808120
1528 0.503272 0.807592
1529 0.503597 0.807717
1530 0.503268 0.807843
1531 0.503592 0.807969
1532 0.503916 0.808094
1533 0.504240 0.808219
1534 0.504563 0.807692
1535 0.504235 0.807818
1536 0.504557 0.807292
1537 0.504229 0.807417
1538 0.504551 0.807542
1539 0.504224 0.807667
1540 0.503896 0.807792
1541 0.504218 0.807917
1542 0.504540 0.807393
1543 0.504213 0.807518
1544 0.504534 0.807642
1545 0.504854 0.807767
1546 0.505175 0.807891
1547 0.505495 0.807369
1548 0.505814 0.807494
1549 0.505487 0.807618
1550 0.505161 0.807742
1551 0.505480 0.807866
1552 0.505155 0.807345
1553 0.504829 0.806825
1554 0.505148 0.806306
1555 0.505466 0.805788
1556 0.505141 0.805913
1557 0.504817 0.806037
1558 0.504493 0.806162
1559 0.504811 0.805645
1560 0.504487 0.805769
1561 0.504805 0.805894
1562 0.505122 0.806018
1563 0.505438 0.806142
1564 0.505754 0.805627
1565 0.506070 0.805751
1566 0.505747 0.805875
1567 0.506063 0.805999
1568 0.506378 0.806122
1569 0.506055 0.806246
1570 0.506369 0.806369
1571 0.506047 0.805856
1572 0.505725 0.805344
1573 0.505404 0.804832
1574 0.505083 0.804320
1575 0.504762 0.804444
1576 0.504442 0.804569
1577 0.504756 0.804692
1578 0.504436 0.804183
1579 0.504117 0.804307
1580 0.504430 0.804430
1581 0.504744 0.804554
1582 0.504425 0.804678
1583 0.504738 0.804801
1584 0.505051 0.804924
1585 0.505363 0.805047
1586 0.505675 0.805170
1587 0.505356 0.805293
1588 0.505038 0.804786
1589 0.504720 0.804909
1590 0.504403 0.805031
1591 0.504085 0.804525
1592 0.503769 0.804648
1593 0.504080 0.804771
1594 0.504391 0.804893
1595 0.504702 0.805016
1596 0.505013 0.805138
1597 0.504696 0.805260
1598 0.504380 0.804756
1599 0.504065 0.804878
1600 0.504375 0.805000
1601 0.504685 0.805122
1602 0.504994 0.804619
1603 0.505303 0.804117
1604 0.505611 0.803616
1605 0.505296 0.803738
1606 0.504981 0.803861
1607 0.505289 0.803983
1608 0.504975 0.804104
1609 0.504661 0.804226
1610 0.504348 0.804348
1611 0.504655 0.804469
1612 0.504963 0.803970
1613 0.505270 0.804092
1614 0.504957 0.803594
1615 0.504644 0.803715
1616 0.504950 0.803218
1617 0.505257 0.803340
1618 0.505562 0.803461
1619 0.505250 0.803582
1620 0.505556 0.803704
1621 0.505861 0.803825
1622 0.505549 0.803329
1623 0.505237 0.803450
1624 0.504926 0.802956
1625 0.504615 0.803077
1626 0.504920 0.803198
1627 0.505224 0.803319
1628 0.504914 0.803440
1629 0.504604 0.803560
1630 0.504908 0.803681
1631 0.505212 0.803801
1632 0.504902 0.803922
1633 0.505205 0.804042
1634 0.505508 0.804162
1635 0.505810 0.804281
1636 0.506112 0.804401
1637 0.505803 0.804520
1638 0.505495 0.804640
1639 0.505796 0.804759
1640 0.505488 0.804878
1641 0.505789 0.804997
1642 0.506090 0.805116
1643 0.506391 0.805234
1644 0.506083 0.805353
1645 0.506383 0.805471
1646 0.506683 0.805589
1647 0.506375 0.805707
1648 0.506068 0.805825
1649 0.506367 0.805943
1650 0.506061 0.806061
1651 0.506360 0.805572
1652 0.506659 0.805690
1653 0.506352 0.805808
1654 0.506046 0.805320
1655 0.506344 0.804834
1656 0.506643 0.804348
1657 0.506940 0.804466
1658 0.506634 0.804584
1659 0.506329 0.804702
1660 0.506627 0.804819
1661 0.506321 0.804335
1662 0.506017 0.804452
1663 0.505713 0.804570
1664 0.506010 0.804688
1665 0.505706 0.804204
1666 0.505402 0.804322
1667 0.505699 0.804439
1668 0.505995 0.804556
1669 0.506291 0.804673
1670 0.506587 0.804790
1671 0.506882 0.804907
1672 0.507177 0.805024
1673 0.507472 0.805140
1674 0.507766 0.805257
1675 0.508060 0.805373
1676 0.507757 0.804893
1677 0.507454 0.805009
1678 0.507151 0.805125
1679 0.507445 0.804646
1680 0.507738 0.804762
1681 0.508031 0.804878
1682 0.507729 0.804994
1683 0.508021 0.805110
1684 0.507720 0.805226
1685 0.507418 0.804748
1686 0.507711 0.804864
1687 0.507410 0.804979
1688 0.507701 0.805095
1689 0.507993 0.804618
1690 0.507692 0.804142
1691 0.507392 0.803666
1692 0.507092 0.803783
1693 0.506793 0.803898
1694 0.507084 0.803424
1695 0.507375 0.803540
1696 0.507665 0.803656
1697 0.507366 0.803771
1698 0.507656 0.803298
1699 0.507357 0.802825
1700 0.507059 0.802353
1701 0.507349 0.802469
1702 0.507638 0.801998
1703 0.507927 0.802114
1704 0.507629 0.802230
1705 0.507331 0.801760
1706 0.507620 0.801876
1707 0.507909 0.801992
1708 0.507611 0.802108
1709 0.507314 0.801638
1710 0.507018 0.801170
1711 0.506721 0.800701
1712 0.506425 0.800818
1713 0.506713 0.800934
1714 0.507001 0.801050
1715 0.507289 0.801166
1716 0.506993 0.801282
1717 0.506698 0.801398
1718 0.506985 0.801513
1719 0.506690 0.801629
1720 0.506977 0.801163
1721 0.506682 0.801278
1722 0.506388 0.800813
1723 0.506094 0.800929
1724 0.505800 0.801044
1725 0.505507 0.800580
1726 0.505794 0.800695
1727 0.506080 0.800811
1728 0.506366 0.800347
1729 0.506073 0.800463
1730 0.505780 0.800578
1731 0.506066 0.800693
1732 0.506351 0.800808
1733 0.506059 0.800923
1734 0.506344 0.800461
1735 0.506628 0.800576
1736 0.506912 0.800115
1737 0.507196 0.800230
1738 0.506904 0.800345
1739 0.507188 0.799885
1740 0.506897 0.800000
1741 0.506605 0.800115
1742 0.506889 0.800230
1743 0.506598 0.799771
1744 0.506881 0.799312
1745 0.506590 0.798854
1746 0.506873 0.798969
1747 0.506583 0.799084
1748 0.506865 0.799199
1749 0.507147 0.798742
1750 0.507429 0.798857
1751 0.507710 0.798972
1752 0.507991 0.799087
1753 0.507701 0.799201
1754 0.507982 0.798746
1755 0.508262 0.798291
1756 0.508542 0.797836
1757 0.508253 0.797951
1758 0.507964 0.797497
1759 0.508243 0.797612
1760 0.508523 0.797727
1761 0.508802 0.797842
1762 0.508513 0.797957
1763 0.508792 0.798071
1764 0.508503 0.798186
1765 0.508215 0.798300
1766 0.507928 0.798414
1767 0.508206 0.798529
1768 0.507919 0.798643
1769 0.508197 0.798191
1770 0.507910 0.798305
1771 0.507623 0.798419
1772 0.507901 0.798533
1773 0.508178 0.798646
1774 0.507892 0.798760
1775 0.508169 0.798873
1776 0.507883 0.798986
1777 0.508160 0.798537
1778 0.508436 0.798650
1779 0.508713 0.798201
1780 0.508989 0.798315
1781 0.509264 0.798428
1782 0.508979 0.798541
1783 0.508693 0.798654
1784 0.508969 0.798206
1785 0.508683 0.798319
1786 0.508399 0.798432
1787 0.508674 0.797985
1788 0.508389 0.798098
1789 0.508105 0.797652
1790 0.508380 0.797765
1791 0.508654 0.797878
1792 0.508371 0.797433
1793 0.508645 0.796988
1794 0.508361 0.797101
1795 0.508635 0.797214
1796 0.508352 0.797327
1797 0.508069 0.797440
1798 0.508343 0.797553
1799 0.508616 0.797665
1800 0.508889 0.797222
1801 0.508606 0.797335
1802 0.508879 0.796892
1803 0.509151 0.797005
1804 0.508869 0.797118
1805 0.509141 0.797230
1806 0.508859 0.796788
1807 0.508578 0.796348
1808 0.508296 0.796460
1809 0.508568 0.796573
1810 0.508840 0.796685
1811 0.509111 0.796797
1812 0.509382 0.796909
1813 0.509653 0.797022
1814 0.509372 0.797133
1815 0.509091 0.797245
1816 0.508811 0.797357
1817 0.508531 0.797468
1818 0.508251 0.797580
1819 0.507971 0.797691
1820 0.507692 0.797802
1821 0.507963 0.797913
1822 0.508233 0.798024
1823 0.507954 0.798135
1824 0.507675 0.798246
1825 0.507397 0.798356
1826 0.507667 0.798467
1827 0.507937 0.798577
1828 0.507659 0.798140
1829 0.507928 0.797704
1830 0.508197 0.797814
1831 0.507919 0.797378
1832 0.508188 0.797489
1833 0.507911 0.797600
1834 0.507634 0.797710
1835 0.507357 0.797275
1836 0.507625 0.797386
1837 0.507349 0.797496
1838 0.507617 0.797606
1839 0.507885 0.797716
1840 0.508152 0.797826
1841 0.507876 0.797936
1842 0.507600 0.798046
1843 0.507325 0.798155
1844 0.507592 0.798265
1845 0.507317 0.798374
1846 0.507042 0.797941
1847 0.507309 0.798051
1848 0.507576 0.798160
1849 0.507842 0.798269
1850 0.507568 0.798378
1851 0.507834 0.797947
1852 0.508099 0.797516
1853 0.507825 0.797625
1854 0.508091 0.797735
1855 0.508356 0.797844
1856 0.508082 0.797953
1857 0.508347 0.797523
1858 0.508611 0.797632
1859 0.508338 0.797741
1860 0.508065 0.797849
1861 0.508329 0.797958
1862 0.508056 0.798067
1863 0.507783 0.798175
1864 0.507511 0.798283
1865 0.507775 0.798391
1866 0.507503 0.798499
1867 0.507231 0.798072
1868 0.506959 0.798180
1869 0.507223 0.798288
1870 0.507487 0.798396
1871 0.507750 0.798503
1872 0.508013 0.798611
1873 0.508275 0.798185
1874 0.508004 0.798292
1875 0.507733 0.798400
1876 0.507463 0.797974
1877 0.507192 0.798082
1878 0.507455 0.797657
1879 0.507185 0.797765
1880 0.507447 0.797872
1881 0.507177 0.797980
1882 0.507439 0.798087
1883 0.507700 0.798194
1884 0.507962 0.798301
1885 0.508223 0.798408
1886 0.508484 0.797985
1887 0.508214 0.798092
1888 0.507945 0.798199
1889 0.507676 0.797777
1890 0.507937 0.797884
1891 0.507668 0.797990
1892 0.507400 0.798097
1893 0.507660 0.798204
1894 0.507392 0.797782
1895 0.507652 0.797889
1896 0.507384 0.797996
1897 0.507644 0.797575
1898 0.507903 0.797682
1899 0.507636 0.797788
1900 0.507895 0.797368
1901 0.507628 0.797475
1902 0.507886 0.797581
1903 0.508145 0.797688
1904 0.508403 0.797794
1905 0.508136 0.797900
1906 0.507870 0.797482
1907 0.507604 0.797063
1908 0.507862 0.797170
1909 0.507596 0.797276
1910 0.507330 0.797382
1911 0.507064 0.796965
1912 0.507322 0.796548
1913 0.507057 0.796654
1914 0.506792 0.796761
1915 0.506527 0.796867
1916 0.506785 0.796973
1917 0.506521 0.797079
1918 0.506778 0.797185
1919 0.506514 0.797290
1920 0.506771 0.797396
1921 0.506507 0.797501
1922 0.506243 0.797086
1923 0.506500 0.797192
1924 0.506757 0.796778
1925 0.506494 0.796883
1926 0.506231 0.796469
1927 0.506487 0.796575
1928 0.506743 0.796680
1929 0.506480 0.796786
1930 0.506736 0.796891
1931 0.506991 0.796996
1932 0.507246 0.797101
1933 0.507501 0.797206
1934 0.507239 0.797311
1935 0.506977 0.797416
1936 0.506715 0.797521
1937 0.506453 0.797109
1938 0.506192 0.797214
1939 0.505931 0.797318
1940 0.506186 0.797423
1941 0.505925 0.797012
1942 0.506179 0.797116
1943 0.506433 0.797221
1944 0.506687 0.797325
1945 0.506941 0.796915
1946 0.507194 0.797020
1947 0.507447 0.796610
1948 0.507187 0.796715
1949 0.507440 0.796819
1950 0.507179 0.796410
1951 0.507432 0.796002
1952 0.507684 0.796107
1953 0.507424 0.795699
1954 0.507165 0.795803
1955 0.506905 0.795908
1956 0.507157 0.796012
1957 0.506898 0.795606
1958 0.506639 0.795710
1959 0.506891 0.795814
1960 0.507143 0.795918
1961 0.507394 0.795512
1962 0.507136 0.795107
1963 0.506877 0.794702
1964 0.506619 0.794297
1965 0.506361 0.794402
1966 0.506612 0.794507
1967 0.506355 0.794611
1968 0.506606 0.794715
1969 0.506856 0.794820
1970 0.506599 0.794924
1971 0.506849 0.795028
1972 0.507099 0.795132
1973 0.507349 0.795236
1974 0.507599 0.795339
1975 0.507342 0.795443
1976 0.507591 0.795547
1977 0.507334 0.795650
1978 0.507583 0.795753
1979 0.507832 0.795856
1980 0.507576 0.795960
1981 0.507320 0.796063
1982 0.507568 0.796165
1983 0.507312 0.796268
1984 0.507056 0.796371
1985 0.507305 0.795970
1986 0.507049 0.796073
1987 0.506794 0.795672
1988 0.507042 0.795775
1989 0.507290 0.795877
1990 0.507538 0.795980
1991 0.507283 0.796082
1992 0.507530 0.796185
1993 0.507777 0.796287
1994 0.507523 0.796389
1995 0.507769 0.796491
1996 0.507515 0.796092
1997 0.507762 0.796194
1998 0.507508 0.796296
1999 0.507754 0.796398
2000 0.508000 0.796500
2001 0.508246 0.796602
2002 0.508492 0.796703
2003 0.508238 0.796805
2004 0.508483 0.796407
2005 0.508229 0.796509
2006 0.507976 0.796112
2007 0.508221 0.796213
2008 0.508466 0.795817
2009 0.508213 0.795918
2010 0.507960 0.796020
2011 0.508205 0.796121
2012 0.507952 0.796223
2013 0.508197 0.796324
2014 0.507944 0.796425
2015 0.508189 0.796526
2016 0.507937 0.796627
2017 0.507685 0.796728
2018 0.507433 0.796829
2019 0.507182 0.796434
2020 0.507426 0.796040
2021 0.507175 0.796141
2022 0.507418 0.796241
2023 0.507168 0.795848
2024 0.506917 0.795949
2025 0.506667 0.796049
2026 0.506417 0.795656
2027 0.506660 0.795757
2028 0.506410 0.795858
2029 0.506161 0.795466
2030 0.506404 0.795567
2031 0.506155 0.795667
2032 0.505906 0.795768
2033 0.506149 0.795868
2034 0.506391 0.795969
2035 0.506634 0.796069
2036 0.506876 0.796169
2037 0.506627 0.796269
2038 0.506379 0.796369
2039 0.506130 0.796469
2040 0.506373 0.796078
2041 0.506124 0.796178
2042 0.506366 0.796278
2043 0.506118 0.796378
2044 0.506360 0.796477
2045 0.506112 0.796577
2046 0.506354 0.796676
2047 0.506106 0.796776
2048 0.505859 0.796875
2049 0.505612 0.796486
2050 0.505854 0.796585
2051 0.505607 0.796685
2052 0.505361 0.796784
2053 0.505602 0.796883
2054 0.505842 0.796495
2055 0.505596 0.796594
2056 0.505350 0.796693
2057 0.505591 0.796791
2058 0.505345 0.796890
2059 0.505585 0.796503
2060 0.505340 0.796602
2061 0.505095 0.796701
2062 0.504850 0.796799
2063 0.505090 0.796898
2064 0.505329 0.796996
2065 0.505569 0.797094
2066 0.505324 0.797193
2067 0.505564 0.797291
2068 0.505803 0.797389
2069 0.506042 0.797487
2070 0.505797 0.797585
2071 0.505553 0.797682
2072 0.505792 0.797780
2073 0.505548 0.797877
2074 0.505304 0.797975
2075 0.505542 0.798072
2076 0.505299 0.798170
2077 0.505537 0.798267
2078 0.505294 0.798364
2079 0.505532 0.798461
2080 0.505769 0.798558
2081 0.506007 0.798654
2082 0.505764 0.798751
2083 0.506001 0.798848
2084 0.505758 0.798944
2085 0.505516 0.799041
2086 0.505273 0.799137
2087 0.505031 0.799233
2088 0.504789 0.798851
2089 0.505026 0.798947
2090 0.505263 0.798565
2091 0.505500 0.798661
2092 0.505736 0.798757
2093 0.505972 0.798853
2094 0.506208 0.798949
2095 0.506444 0.799045
2096 0.506679 0.798664
2097 0.506915 0.798760
2098 0.507150 0.798379
2099 0.507384 0.798475
2100 0.507619 0.798571
2101 0.507377 0.798667
2102 0.507612 0.798763
2103 0.507846 0.798383
2104 0.507605 0.798479
2105 0.507838 0.798100
2106 0.507597 0.798196
2107 0.507356 0.797817
2108 0.507590 0.797913
2109 0.507349 0.798009
2110 0.507583 0.798104
2111 0.507342 0.798200
2112 0.507102 0.798295
2113 0.507336 0.797918
2114 0.507096 0.798013
2115 0.506856 0.797636
2116 0.506616 0.797732
2117 0.506377 0.797827
2118 0.506610 0.797923
2119 0.506371 0.798018
2120 0.506132 0.798113
2121 0.506365 0.798208
2122 0.506126 0.798303
2123 0.505888 0.798398
2124 0.505650 0.798493
2125 0.505412 0.798588
2126 0.505644 0.798683
2127 0.505877 0.798778
2128 0.505639 0.798402
2129 0.505402 0.798027
2130 0.505634 0.797653
2131 0.505866 0.797748
2132 0.505629 0.797842
2133 0.505391 0.797937
2134 0.505155 0.798032
2135 0.504918 0.797658
2136 0.504682 0.797285
2137 0.504913 0.797380
2138 0.504677 0.797474
2139 0.504441 0.797101
2140 0.504206 0.797196
2141 0.503970 0.797291
2142 0.503735 0.797386
2143 0.503500 0.797480
2144 0.503731 0.797575
2145 0.503963 0.797669
2146 0.503728 0.797763
2147 0.503493 0.797857
2148 0.503724 0.797952
2149 0.503490 0.797580
2150 0.503721 0.797674
2151 0.503487 0.797768
2152 0.503717 0.797862
2153 0.503948 0.797956
2154 0.503714 0.798050
2155 0.503480 0.798144
2156 0.503247 0.797774
2157 0.503477 0.797867
2158 0.503244 0.797961
2159 0.503011 0.798055
2160 0.503241 0.798148
2161 0.503471 0.797779
2162 0.503238 0.797872
2163 0.503005 0.797966
2164 0.502773 0.798059
2165 0.503002 0.798152
2166 0.503232 0.798246
2167 0.503000 0.798339
2168 0.503229 0.798432
2169 0.503458 0.798525
2170 0.503687 0.798618
2171 0.503915 0.798710
2172 0.504144 0.798803
2173 0.504372 0.798896
2174 0.504140 0.798528
2175 0.503908 0.798621
2176 0.503676 0.798254
2177 0.503904 0.797887
2178 0.504132 0.797521
2179 0.504360 0.797614
2180 0.504128 0.797706
2181 0.503897 0.797799
2182 0.503666 0.797434
2183 0.503894 0.797068
2184 0.503663 0.796703
2185 0.503432 0.796796
2186 0.503660 0.796889
2187 0.503429 0.796982
2188 0.503656 0.797075
2189 0.503883 0.796711
2190 0.504110 0.796804
2191 0.504336 0.796896
2192 0.504562 0.796989
2193 0.504788 0.797082
2194 0.504558 0.797174
2195 0.504328 0.797267
2196 0.504098 0.797359
2197 0.503869 0.797451
2198 0.504095 0.797543
2199 0.503865 0.797181
2200 0.504091 0.796818
2201 0.504316 0.796910
2202 0.504087 0.797003
2203 0.503858 0.797095
2204 0.503630 0.797187
2205 0.503401 0.796825
2206 0.503626 0.796917
2207 0.503398 0.797010
2208 0.503623 0.797101
2209 0.503848 0.797193
2210 0.504072 0.797285
2211 0.503844 0.797377
2212 0.504069 0.797468
2213 0.503841 0.797560
2214 0.504065 0.797651
2215 0.503837 0.797743
2216 0.503610 0.797383
2217 0.503383 0.797474
2218 0.503156 0.797565
2219 0.502929 0.797657
2220 0.502703 0.797748
2221 0.502927 0.797389
2222 0.503150 0.797480
2223 0.503374 0.797571
2224 0.503147 0.797662
2225 0.502921 0.797753
2226 0.503145 0.797394
2227 0.503368 0.797485
2228 0.503591 0.797576
2229 0.503365 0.797667
2230 0.503139 0.797309
2231 0.503362 0.797400
2232 0.503584 0.797491
2233 0.503359 0.797582
2234 0.503133 0.797225
2235 0.503356 0.797315
2236 0.503131 0.797406
2237 0.502906 0.797497
2238 0.502681 0.797587
2239 0.502456 0.797678
2240 0.502679 0.797768
2241 0.502900 0.797412
2242 0.502676 0.797502
2243 0.502898 0.797593
2244 0.502674 0.797683
2245 0.502895 0.797773
2246 0.503117 0.797863
2247 0.503338 0.797508
2248 0.503559 0.797598
2249 0.503779 0.797688
2250 0.503556 0.797778
2251 0.503776 0.797868
2252 0.503996 0.797513
2253 0.503773 0.797159
2254 0.503549 0.797249
2255 0.503326 0.797339
2256 0.503546 0.797429
2257 0.503323 0.797519
2258 0.503543 0.797609
2259 0.503320 0.797698
2260 0.503540 0.797788
2261 0.503759 0.797877
2262 0.503537 0.797966
2263 0.503756 0.798056
2264 0.503534 0.798145
2265 0.503753 0.797792
2266 0.503530 0.797882
2267 0.503308 0.797971
2268 0.503527 0.798060
2269 0.503305 0.798149
2270 0.503084 0.798238
2271 0.502862 0.798327
2272 0.502641 0.798415
2273 0.502860 0.798504
2274 0.502639 0.798153
2275 0.502857 0.798242
2276 0.502636 0.798330
2277 0.502855 0.798419
2278 0.502634 0.798507
2279 0.502413 0.798596
2280 0.502193 0.798246
2281 0.501973 0.798334
2282 0.502191 0.798422
2283 0.501971 0.798511
2284 0.501751 0.798599
2285 0.501969 0.798687
2286 0.502187 0.798775
2287 0.501968 0.798863
2288 0.502185 0.798951
2289 0.501966 0.798602
2290 0.501747 0.798690
2291 0.501964 0.798778
2292 0.502182 0.798866
2293 0.502399 0.798953
2294 0.502180 0.799041
2295 0.501961 0.799129
2296 0.501742 0.799216
2297 0.501524 0.799303
2298 0.501741 0.798956
2299 0.501957 0.799043
2300 0.501739 0.799130
2301 0.501956 0.799218
2302 0.501738 0.799305
2303 0.501954 0.799392
2304 0.502170 0.799479
2305 0.501952 0.799566
2306 0.501735 0.799653
2307 0.501951 0.799740
2308 0.502166 0.799827
2309 0.502382 0.799913
2310 0.502165 0.800000
2311 0.502380 0.800087
2312 0.502595 0.800173
2313 0.502378 0.800259
2314 0.502593 0.800346
2315 0.502376 0.800000
2316 0.502591 0.799655
2317 0.502805 0.799741
2318 0.502588 0.799827
2319 0.502372 0.799914
2320 0.502586 0.800000
2321 0.502370 0.799655
2322 0.502153 0.799742
2323 0.501937 0.799828
2324 0.502151 0.799914
2325 0.502366 0.800000
2326 0.502580 0.800086
2327 0.502793 0.799742
2328 0.503007 0.799828
2329 0.502791 0.799914
2330 0.502575 0.800000
2331 0.502789 0.800086
2332 0.502573 0.800172
2333 0.502357 0.800257
2334 0.502142 0.800343
2335 0.501927 0.800428
2336 0.501712 0.800514
2337 0.501926 0.800599
2338 0.501711 0.800684
2339 0.501924 0.800770
2340 0.501709 0.800855
2341 0.501922 0.800940
2342 0.501708 0.801025
2343 0.501921 0.801110
2344 0.502133 0.801195
2345 0.502345 0.801279
2346 0.502558 0.801364
2347 0.502343 0.801449
2348 0.502129 0.801533
2349 0.501916 0.801618
2350 0.502128 0.801277
2351 0.501914 0.801361
2352 0.502126 0.801020
2353 0.502337 0.801105
2354 0.502124 0.801189
2355 0.502335 0.801274
2356 0.502547 0.801358
2357 0.502758 0.801443
2358 0.502969 0.801527
2359 0.502755 0.801187
2360 0.502542 0.801271
2361 0.502753 0.801355
2362 0.502964 0.801439
2363 0.503174 0.801523
2364 0.503384 0.801184
2365 0.503171 0.801268
2366 0.503381 0.801352
2367 0.503591 0.801436
2368 0.503378 0.801520
2369 0.503588 0.801604
2370 0.503376 0.801688
2371 0.503585 0.801350
2372 0.503373 0.801433
2373 0.503582 0.801517
2374 0.503791 0.801179
2375 0.504000 0.801263
2376 0.503788 0.801347
2377 0.503997 0.801430
2378 0.504205 0.801514
2379 0.504414 0.801597
2380 0.504202 0.801681
2381 0.504410 0.801764
2382 0.504198 0.801847
2383 0.504406 0.801930
2384 0.504195 0.802013
2385 0.503983 0.802096
2386 0.504191 0.802179
2387 0.503980 0.802262
2388 0.504188 0.802345
2389 0.504395 0.802009
2390 0.504603 0.802092
2391 0.504810 0.801757
2392 0.504599 0.801839
2393 0.504806 0.801922
2394 0.504595 0.802005
2395 0.504384 0.802088
2396 0.504591 0.801753
2397 0.504380 0.801418
2398 0.504170 0.801501
2399 0.503960 0.801584
2400 0.504167 0.801667
2401 0.503957 0.801749
2402 0.503747 0.801832
2403 0.503537 0.801914
2404 0.503744 0.801997
2405 0.503534 0.802079
2406 0.503325 0.802161
2407 0.503116 0.802243
2408 0.503322 0.802326
2409 0.503528 0.802408
2410 0.503734 0.802490
2411 0.503526 0.802572
2412 0.503317 0.802653
2413 0.503523 0.802735
2414 0.503728 0.802817
2415 0.503520 0.802899
2416 0.503311 0.802980
2417 0.503517 0.803062
2418 0.503309 0.803143
2419 0.503514 0.803224
2420 0.503719 0.803306
2421 0.503511 0.802974
2422 0.503716 0.803055
2423 0.503508 0.803137
2424 0.503300 0.803218
2425 0.503093 0.803299
2426 0.502885 0.803380
2427 0.502678 0.803461
2428 0.502883 0.803542
2429 0.503088 0.803623
2430 0.502881 0.803704
2431 0.503085 0.803784
2432 0.502878 0.803865
2433 0.503083 0.803946
2434 0.502876 0.804026
2435 0.503080 0.804107
2436 0.502874 0.804187
2437 0.503078 0.804268
2438 0.502871 0.804348
2439 0.503075 0.804428
2440 0.503279 0.804508
2441 0.503073 0.804588
2442 0.503276 0.804259
2443 0.503070 0.803930
2444 0.503273 0.804010
2445 0.503476 0.804090
2446 0.503271 0.804170
2447 0.503065 0.804250
2448 0.502859 0.804330
2449 0.502654 0.804410
2450 0.502449 0.804082
2451 0.502244 0.804162
2452 0.502039 0.803834
2453 0.501834 0.803914
2454 0.502037 0.803993
2455 0.502240 0.804073
2456 0.502443 0.804153
2457 0.502646 0.804233
2458 0.502848 0.803906
2459 0.503050 0.803985
2460 0.503252 0.803659
2461 0.503048 0.803738
2462 0.502843 0.803818
2463 0.503045 0.803898
2464 0.503247 0.803977
2465 0.503043 0.804057
2466 0.502839 0.804136
2467 0.503040 0.804216
2468 0.502836 0.804295
2469 0.503038 0.803969
2470 0.502834 0.804049
2471 0.503035 0.804128
2472 0.502832 0.804207
2473 0.503033 0.804286
2474 0.502829 0.803961
2475 0.503030 0.804040
2476 0.503231 0.804120
2477 0.503432 0.804199
2478 0.503228 0.804278
2479 0.503025 0.803953
2480 0.503226 0.804032
2481 0.503426 0.804111
2482 0.503223 0.803787
2483 0.503021 0.803866
2484 0.503221 0.803945
2485 0.503018 0.803622
2486 0.503218 0.803701
2487 0.503016 0.803780
2488 0.502814 0.803859
2489 0.502611 0.803937
2490 0.502811 0.804016
2491 0.503011 0.804095
2492 0.503210 0.803772
2493 0.503410 0.803851
2494 0.503609 0.803929
2495 0.503407 0.804008
2496 0.503205 0.804087
2497 0.503404 0.804165
2498 0.503603 0.803843
2499 0.503802 0.803922
2500 0.504000 0.804000
2501 0.504198 0.804078
2502 0.503997 0.804157
2503 0.503795 0.804235
2504 0.503994 0.804313
2505 0.503792 0.804391
2506 0.503990 0.804469
2507 0.503789 0.804547
2508 0.503589 0.804625
2509 0.503786 0.804305
2510 0.503984 0.804382
2511 0.504182 0.804460
2512 0.503981 0.804538
2513 0.504178 0.804616
2514 0.503978 0.804694
2515 0.503777 0.804771
2516 0.503975 0.804849
2517 0.504172 0.804926
2518 0.503971 0.805004
2519 0.503771 0.805081
2520 0.503968 0.805159
2521 0.503768 0.805236
2522 0.503965 0.805313
2523 0.504162 0.805390
2524 0.504358 0.805468
2525 0.504158 0.805545
2526 0.503959 0.805622
2527 0.504155 0.805698
2528 0.504351 0.805380
2529 0.504152 0.805061
2530 0.503953 0.805138
2531 0.503753 0.805215
2532 0.503555 0.805292
2533 0.503750 0.805369
2534 0.503552 0.805446
2535 0.503748 0.805128
2536 0.503943 0.805205
2537 0.503745 0.805282
2538 0.503546 0.805359
2539 0.503348 0.805041
2540 0.503543 0.805118
2541 0.503739 0.805195
2542 0.503541 0.805271
2543 0.503736 0.805348
2544 0.503538 0.805425
2545 0.503733 0.805501
2546 0.503928 0.805577
2547 0.504122 0.805654
2548 0.503925 0.805730
2549 0.503727 0.805806
2550 0.503529 0.805882
2551 0.503332 0.805958
2552 0.503527 0.806034
2553 0.503329 0.805719
2554 0.503524 0.805795
2555 0.503327 0.805871
2556 0.503521 0.805947
2557 0.503715 0.806023
2558 0.503518 0.805708
2559 0.503712 0.805393
2560 0.503516 0.805469
2561 0.503709 0.805545
2562 0.503513 0.805230
2563 0.503316 0.804916
2564 0.503510 0.804992
2565 0.503314 0.805068
2566 0.503507 0.805144
2567 0.503311 0.805220
2568 0.503505 0.805296
2569 0.503698 0.805372
2570 0.503891 0.805447
2571 0.503695 0.805523
2572 0.503888 0.805599
2573 0.504081 0.805674
2574 0.503885 0.805750
2575 0.503689 0.805825
2576 0.503494 0.805901
2577 0.503686 0.805588
2578 0.503879 0.805663
2579 0.503684 0.805739
2580 0.503488 0.805814
2581 0.503293 0.805889
2582 0.503098 0.805964
2583 0.503291 0.806039
2584 0.503483 0.806115
2585 0.503288 0.805803
2586 0.503094 0.805491
2587 0.503286 0.805566
2588 0.503091 0.805255
2589 0.503283 0.805330
2590 0.503089 0.805019
2591 0.502895 0.805095
2592 0.502701 0.804784
2593 0.502507 0.804474
2594 0.502313 0.804549
2595 0.502505 0.804624
2596 0.502311 0.804700
2597 0.502503 0.804775
2598 0.502694 0.804850
2599 0.502886 0.804540
2600 0.503077 0.804615
2601 0.502884 0.804691
2602 0.503075 0.804766
2603 0.503265 0.804456
2604 0.503456 0.804531
2605 0.503647 0.804607
2606 0.503837 0.804682
2607 0.503644 0.804756
2608 0.503834 0.804831
2609 0.503641 0.804906
2610 0.503831 0.804981
2611 0.503638 0.805056
2612 0.503828 0.805130
2613 0.504018 0.805205
2614 0.504208 0.805279
2615 0.504015 0.805354
2616 0.503823 0.805046
2617 0.504012 0.804738
2618 0.503820 0.804813
2619 0.504009 0.804887
2620 0.504198 0.804962
2621 0.504388 0.805036
2622 0.504195 0.804729
2623 0.504003 0.804804
2624 0.504192 0.804878
2625 0.504000 0.804952
2626 0.504189 0.805027
2627 0.503997 0.805101
2628 0.503805 0.805175
2629 0.503994 0.805249
2630 0.503802 0.805323
2631 0.503991 0.805397
2632 0.504179 0.805471
2633 0.504368 0.805545
2634 0.504176 0.805619
2635 0.504364 0.805693
2636 0.504552 0.805766
2637 0.504361 0.805840
2638 0.504170 0.805914
2639 0.504358 0.805987
2640 0.504545 0.805682
2641 0.504733 0.805755
2642 0.504542 0.805829
2643 0.504729 0.805524
2644 0.504917 0.805598
2645 0.504726 0.805671
2646 0.504535 0.805745
2647 0.504722 0.805818
2648 0.504532 0.805891
2649 0.504341 0.805587
2650 0.504151 0.805660
2651 0.503961 0.805734
2652 0.503771 0.805807
2653 0.503958 0.805880
2654 0.504145 0.805953
2655 0.503955 0.806026
2656 0.504142 0.806099
2657 0.504328 0.806172
2658 0.504515 0.805869
2659 0.504325 0.805942
2660 0.504511 0.806015
2661 0.504697 0.806088
2662 0.504508 0.805785
2663 0.504694 0.805858
2664 0.504880 0.805556
2665 0.504690 0.805629
2666 0.504501 0.805326
2667 0.504687 0.805399
2668 0.504873 0.805472
2669 0.504683 0.805545
2670 0.504494 0.805243
2671 0.504680 0.805316
2672 0.504865 0.805389
2673 0.504676 0.805462
2674 0.504862 0.805535
2675 0.504673 0.805234
2676 0.504858 0.805306
2677 0.505043 0.805379
2678 0.504854 0.805452
2679 0.504666 0.805524
2680 0.504478 0.805597
2681 0.504289 0.805670
2682 0.504474 0.805742
2683 0.504659 0.805442
2684 0.504844 0.805514
2685 0.505028 0.805587
2686 0.504840 0.805659
2687 0.505024 0.805359
2688 0.504836 0.805432
2689 0.504649 0.805504
2690 0.504833 0.805576
2691 0.505017 0.805648
2692 0.505201 0.805349
2693 0.505384 0.805421
2694 0.505197 0.805494
2695 0.505380 0.805195
2696 0.505564 0.805267
2697 0.505376 0.805339
2698 0.505189 0.805411
2699 0.505002 0.805484
2700 0.505185 0.805556
2701 0.504998 0.805257
2702 0.505181 0.805329
2703 0.505364 0.805031
2704 0.505178 0.805104
2705 0.505360 0.805176
2706 0.505543 0.804878
2707 0.505356 0.804950
2708 0.505170 0.805022
2709 0.505353 0.805094
2710 0.505166 0.805166
2711 0.504980 0.805238
2712 0.505162 0.805310
2713 0.504976 0.805381
2714 0.505158 0.805453
2715 0.504972 0.805525
2716 0.504786 0.805596
2717 0.504969 0.805300
2718 0.504783 0.805372
2719 0.504597 0.805443
2720 0.504412 0.805515
2721 0.504594 0.805586
2722 0.504409 0.805290
2723 0.504591 0.805362
2724 0.504772 0.805433
2725 0.504954 0.805505
2726 0.505136 0.805576
2727 0.505317 0.805281
2728 0.505132 0.805352
2729 0.505313 0.805423
2730 0.505128 0.805495
2731 0.505309 0.805200
2732 0.505124 0.804905
2733 0.505306 0.804976
2734 0.505121 0.805048
2735 0.504936 0.804753
2736 0.504751 0.804825
2737 0.504567 0.804896
2738 0.504383 0.804967
2739 0.504199 0.805038
2740 0.504380 0.805109
2741 0.504560 0.805181
2742 0.504741 0.804887
2743 0.504922 0.804958
2744 0.504738 0.804665
2745 0.504918 0.804736
2746 0.504734 0.804807
2747 0.504550 0.804514
2748 0.504367 0.804585
2749 0.504183 0.804656
2750 0.504364 0.804727
2751 0.504180 0.804798
2752 0.504360 0.804869
2753 0.504541 0.804577
2754 0.504720 0.804648
2755 0.504900 0.804356
2756 0.505080 0.804427
2757 0.505259 0.804498
2758 0.505076 0.804569
2759 0.505256 0.804639
2760 0.505435 0.804710
2761 0.505252 0.804419
2762 0.505069 0.804490
2763 0.505248 0.804560
2764 0.505427 0.804631
2765 0.505244 0.804702
2766 0.505061 0.804411
2767 0.505240 0.804481
2768 0.505058 0.804552
2769 0.504875 0.804623
2770 0.505054 0.804693
2771 0.504872 0.804403
2772 0.505051 0.804113
2773 0.504868 0.803823
2774 0.505047 0.803893
2775 0.505225 0.803964
2776 0.505043 0.804035
2777 0.505221 0.804105
2778 0.505400 0.804176
2779 0.505578 0.804246
2780 0.505755 0.803957
2781 0.505574 0.804027
2782 0.505392 0.804098
2783 0.505210 0.803809
2784 0.505388 0.803879
2785 0.505206 0.803950
2786 0.505025 0.804020
2787 0.504844 0.804090
2788 0.504663 0.804161
2789 0.504482 0.804231
2790 0.504301 0.804301
2791 0.504120 0.804013
2792 0.503940 0.804083
2793 0.504117 0.804153
2794 0.504295 0.804223
2795 0.504114 0.804293
2796 0.504292 0.804006
2797 0.504112 0.803718
2798 0.504289 0.803788
2799 0.504109 0.803859
2800 0.504286 0.803929
2801 0.504106 0.803999
2802 0.504283 0.803712
2803 0.504460 0.803782
2804 0.504280 0.803852
2805 0.504456 0.803565
2806 0.504277 0.803279
2807 0.504453 0.803349
2808 0.504274 0.803419
2809 0.504094 0.803489
2810 0.503915 0.803203
2811 0.504091 0.802917
2812 0.504267 0.802987
2813 0.504444 0.803057
2814 0.504264 0.803127
2815 0.504085 0.803197
2816 0.503906 0.803267
2817 0.504082 0.803337
2818 0.504258 0.803052
2819 0.504434 0.803122
2820 0.504610 0.803191
2821 0.504431 0.803261
2822 0.504607 0.802977
2823 0.504428 0.803046
2824 0.504603 0.803116
2825 0.504425 0.803186
2826 0.504246 0.803255
2827 0.504068 0.803325
2828 0.504243 0.803395
2829 0.504065 0.803464
2830 0.504240 0.803534
2831 0.504415 0.803603
2832 0.504590 0.803319
2833 0.504765 0.803389
2834 0.504940 0.803458
2835 0.504762 0.803527
2836 0.504937 0.803244
2837 0.504759 0.803313
2838 0.504581 0.803383
2839 0.504755 0.803452
2840 0.504930 0.803521
2841 0.505104 0.803590
2842 0.504926 0.803659
2843 0.505100 0.803377
2844 0.504923 0.803446
2845 0.504745 0.803515
2846 0.504919 0.803584
2847 0.504742 0.803653
2848 0.504916 0.803722
2849 0.504739 0.803791
2850 0.504912 0.803860
2851 0.504735 0.803928
2852 0.504909 0.803647
2853 0.504732 0.803715
2854 0.504905 0.803784
2855 0.505079 0.803853
2856 0.504902 0.803922
2857 0.504725 0.803990
2858 0.504899 0.804059
2859 0.504722 0.804127
2860 0.504895 0.803846
2861 0.504719 0.803915
2862 0.504892 0.803983
2863 0.505065 0.803702
2864 0.504888 0.803771
2865 0.504712 0.803839
2866 0.504536 0.803559
2867 0.504360 0.803279
2868 0.504184 0.803347
2869 0.504008 0.803416
2870 0.503833 0.803136
2871 0.504006 0.803204
2872 0.504178 0.803273
2873 0.504003 0.803341
2874 0.503827 0.803410
2875 0.504000 0.803130
2876 0.504172 0.803199
2877 0.503997 0.803267
2878 0.503822 0.803336
2879 0.503994 0.803404
2880 0.504167 0.803472
2881 0.504339 0.803540
2882 0.504164 0.803609
2883 0.503989 0.803677
2884 0.504161 0.803745
2885 0.503986 0.803813
2886 0.503812 0.803534
2887 0.503637 0.803602
2888 0.503809 0.803670
2889 0.503634 0.803738
2890 0.503460 0.803806
2891 0.503632 0.803874
2892 0.503458 0.803942
2893 0.503629 0.803664
2894 0.503455 0.803386
2895 0.503282 0.803454
2896 0.503453 0.803522
2897 0.503624 0.803590
2898 0.503796 0.803313
2899 0.503967 0.803036
2900 0.503793 0.802759
2901 0.503964 0.802827
2902 0.503790 0.802895
2903 0.503961 0.802962
2904 0.503788 0.803030
2905 0.503614 0.803098
2906 0.503441 0.803166
2907 0.503268 0.803234
2908 0.503439 0.803301
2909 0.503609 0.803025
2910 0.503780 0.803093
2911 0.503607 0.802817
2912 0.503777 0.802885
2913 0.503605 0.802952
2914 0.503775 0.803020
2915 0.503945 0.802744
2916 0.504115 0.802812
2917 0.504285 0.802537
2918 0.504112 0.802605
2919 0.504282 0.802672
2920 0.504110 0.802740
2921 0.504279 0.802465
2922 0.504107 0.802533
2923 0.504276 0.802258
2924 0.504104 0.802326
2925 0.503932 0.802393
2926 0.503759 0.802119
2927 0.503929 0.802187
2928 0.503757 0.802254
2929 0.503585 0.802322
2930 0.503754 0.802389
2931 0.503582 0.802456
2932 0.503411 0.802524
2933 0.503580 0.802591
2934 0.503749 0.802658
2935 0.503578 0.802726
2936 0.503747 0.802793
2937 0.503916 0.802860
2938 0.503744 0.802927
2939 0.503913 0.802994
2940 0.503741 0.802721
2941 0.503570 0.802788
2942 0.503739 0.802855
2943 0.503568 0.802922
2944 0.503736 0.802989
2945 0.503905 0.803056
2946 0.504073 0.802783
2947 0.503902 0.802850
2948 0.504071 0.802917
2949 0.504239 0.802984
2950 0.504407 0.803051
2951 0.504575 0.803118
2952 0.504404 0.802846
2953 0.504233 0.802912
2954 0.504401 0.802979
2955 0.504569 0.803046
2956 0.504736 0.802774
2957 0.504565 0.802841
2958 0.504395 0.802907
2959 0.504224 0.802636
2960 0.504392 0.802365
2961 0.504559 0.802432
2962 0.504389 0.802161
2963 0.504556 0.801890
2964 0.504723 0.801957
2965 0.504890 0.802024
2966 0.505057 0.802090
2967 0.505224 0.801820
2968 0.505054 0.801550
2969 0.504884 0.801617
2970 0.505051 0.801684
2971 0.504881 0.801750
2972 0.504711 0.801817
2973 0.504877 0.801884
2974 0.504707 0.801950
2975 0.504874 0.802017
2976 0.505040 0.802083
2977 0.504871 0.801814
2978 0.505037 0.801880
2979 0.504867 0.801947
2980 0.504698 0.802013
2981 0.504529 0.801744
2982 0.504695 0.801811
2983 0.504861 0.801877
2984 0.504692 0.801944
2985 0.504523 0.802010
2986 0.504689 0.802076
2987 0.504520 0.802143
2988 0.504351 0.801874
2989 0.504517 0.801940
2990 0.504348 0.802007
2991 0.504179 0.802073
2992 0.504345 0.802139
2993 0.504176 0.802205
2994 0.504008 0.802271
2995 0.503840 0.802337
2996 0.504005 0.802403
2997 0.504171 0.802135
2998 0.504003 0.802201
2999 0.503835 0.802267
3000 0.504000 0.802333
