1 1.000000e+00 0.000000e+00 1.200000e+01 5.000000e+01 1.000000e+00 4.294967e+09 0.000000e+00 -3.230000e+02 1.060000e+02 2.000000e+00 1.000000e+00 3.000000e+00
2 5.000000e-01 1.000000e+00 1.697056e+01 7.071068e+01 1.424050e+00 8.589935e+09 2.000000e+00 -3.200000e+02 4.120000e+02 1.600000e+01 2.000000e+00 9.000000e+00
3 3.333333e-01 1.584963e+00 2.078461e+01 8.660254e+01 1.751184e+00 1.288490e+10 4.754888e+00 -3.150000e+02 9.180000e+02 5.400000e+01 5.704522e+00 2.700000e+01
4 2.500000e-01 2.000000e+00 2.400000e+01 1.000000e+02 2.027919e+00 1.717987e+10 8.000000e+00 -3.080000e+02 1.624000e+03 1.280000e+02 1.600000e+01 8.100000e+01
5 2.000000e-01 2.321928e+00 2.683282e+01 1.118034e+02 2.272347e+00 2.147484e+10 1.160964e+01 -2.990000e+02 2.530000e+03 2.500000e+02 4.197185e+01 2.430000e+02
6 1.666667e-01 2.584963e+00 2.939388e+01 1.224745e+02 2.493774e+00 2.576980e+10 1.550978e+01 -2.880000e+02 3.636000e+03 4.320000e+02 1.026814e+02 7.290000e+02
7 1.428571e-01 2.807355e+00 3.174902e+01 1.322876e+02 2.697739e+00 3.006477e+10 1.965148e+01 -2.750000e+02 4.942000e+03 6.860000e+02 2.357709e+02 2.187000e+03
8 1.250000e-01 3.000000e+00 3.394113e+01 1.414214e+02 2.887858e+00 3.435974e+10 2.400000e+01 -2.600000e+02 6.448000e+03 1.024000e+03 5.120000e+02 6.561000e+03
9 1.111111e-01 3.169925e+00 3.600000e+01 1.500000e+02 3.066646e+00 3.865471e+10 2.852933e+01 -2.430000e+02 8.154000e+03 1.458000e+03 1.058954e+03 1.968300e+04
10 1.000000e-01 3.321928e+00 3.794733e+01 1.581139e+02 3.235937e+00 4.294967e+10 3.321928e+01 -2.240000e+02 1.006000e+04 2.000000e+03 2.098592e+03 5.904900e+04
11 9.090909e-02 3.459432e+00 3.979950e+01 1.658312e+02 3.397115e+00 4.724464e+10 3.805375e+01 -2.030000e+02 1.216600e+04 2.662000e+03 4.005224e+03 1.771470e+05
12 8.333333e-02 3.584963e+00 4.156922e+01 1.732051e+02 3.551260e+00 5.153961e+10 4.301955e+01 -1.800000e+02 1.447200e+04 3.456000e+03 7.393061e+03 5.314410e+05
13 7.692308e-02 3.700440e+00 4.326662e+01 1.802776e+02 3.699228e+00 5.583457e+10 4.810572e+01 -1.550000e+02 1.697800e+04 4.394000e+03 1.324586e+04 1.594323e+06
14 7.142857e-02 3.807355e+00 4.489989e+01 1.870829e+02 3.841716e+00 6.012954e+10 5.330297e+01 -1.280000e+02 1.968400e+04 5.488000e+03 2.310555e+04 4.782969e+06
15 6.666667e-02 3.906891e+00 4.647580e+01 1.936492e+02 3.979299e+00 6.442451e+10 5.860336e+01 -9.900000e+01 2.259000e+04 6.750000e+03 3.934231e+04 1.434891e+07
16 6.250000e-02 4.000000e+00 4.800000e+01 2.000000e+02 4.112455e+00 6.871948e+10 6.400000e+01 -6.800000e+01 2.569600e+04 8.192000e+03 6.553600e+04 4.304672e+07
17 5.882353e-02 4.087463e+00 4.947727e+01 2.061553e+02 4.241593e+00 7.301444e+10 6.948687e+01 -3.500000e+01 2.900200e+04 9.826000e+03 1.070075e+05 1.291402e+08
18 5.555556e-02 4.169925e+00 5.091169e+01 2.121320e+02 4.367058e+00 7.730941e+10 7.505865e+01 0.000000e+00 3.250800e+04 1.166400e+04 1.715506e+05 3.874205e+08
19 5.263158e-02 4.247928e+00 5.230679e+01 2.179449e+02 4.489152e+00 8.160438e+10 8.071062e+01 3.700000e+01 3.621400e+04 1.371800e+04 2.704286e+05 1.162261e+09
20 5.000000e-02 4.321928e+00 5.366563e+01 2.236068e+02 4.608136e+00 8.589935e+10 8.643856e+01 7.600000e+01 4.012000e+04 1.600000e+04 4.197185e+05 3.486784e+09
21 4.761905e-02 4.392317e+00 5.499091e+01 2.291288e+02 4.724239e+00 9.019431e+10 9.223867e+01 1.170000e+02 4.422600e+04 1.852200e+04 6.421062e+05 1.046035e+10
22 4.545455e-02 4.459432e+00 5.628499e+01 2.345208e+02 4.837663e+00 9.448928e+10 9.810750e+01 1.600000e+02 4.853200e+04 2.129600e+04 9.692641e+05 3.138106e+10
23 4.347826e-02 4.523562e+00 5.754998e+01 2.397916e+02 4.948587e+00 9.878425e+10 1.040419e+02 2.050000e+02 5.303800e+04 2.433400e+04 1.444975e+06 9.414318e+10
24 4.166667e-02 4.584963e+00 5.878775e+01 2.449490e+02 5.057172e+00 1.030792e+11 1.100391e+02 2.520000e+02 5.774400e+04 2.764800e+04 2.129202e+06 2.824295e+11
25 4.000000e-02 4.643856e+00 6.000000e+01 2.500000e+02 5.163562e+00 1.073742e+11 1.160964e+02 3.010000e+02 6.265000e+04 3.125000e+04 3.103361e+06 8.472886e+11
26 3.846154e-02 4.700440e+00 6.118823e+01 2.549510e+02 5.267886e+00 1.116691e+11 1.222114e+02 3.520000e+02 6.775600e+04 3.515200e+04 4.477101e+06 2.541866e+12
27 3.703704e-02 4.754888e+00 6.235383e+01 2.598076e+02 5.370263e+00 1.159641e+11 1.283820e+02 4.050000e+02 7.306200e+04 3.936600e+04 6.396961e+06 7.625597e+12
28 3.571429e-02 4.807355e+00 6.349803e+01 2.645751e+02 5.470797e+00 1.202591e+11 1.346059e+02 4.600000e+02 7.856800e+04 4.390400e+04 9.057374e+06 2.287679e+13
29 3.448276e-02 4.857981e+00 6.462198e+01 2.692582e+02 5.569587e+00 1.245541e+11 1.408814e+02 5.170000e+02 8.427400e+04 4.877800e+04 1.271457e+07 6.863038e+13
30 3.333333e-02 4.906891e+00 6.572671e+01 2.738613e+02 5.666721e+00 1.288490e+11 1.472067e+02 5.760000e+02 9.018000e+04 5.400000e+04 1.770404e+07 2.058911e+14
31 3.225806e-02 4.954196e+00 6.681317e+01 2.783882e+02 5.762281e+00 1.331440e+11 1.535801e+02 6.370000e+02 9.628600e+04 5.958200e+04 2.446237e+07 6.176734e+14
32 3.125000e-02 5.000000e+00 6.788225e+01 2.828427e+02 5.856343e+00 1.374390e+11 1.600000e+02 7.000000e+02 1.025920e+05 6.553600e+04 3.355443e+07 1.853020e+15
33 3.030303e-02 5.044394e+00 6.893475e+01 2.872281e+02 5.948975e+00 1.417339e+11 1.664650e+02 7.650000e+02 1.090980e+05 7.187400e+04 4.570701e+07 5.559061e+15
34 2.941176e-02 5.087463e+00 6.997142e+01 2.915476e+02 6.040241e+00 1.460289e+11 1.729737e+02 8.320000e+02 1.158040e+05 7.860800e+04 6.185034e+07 1.667718e+16
35 2.857143e-02 5.129283e+00 7.099296e+01 2.958040e+02 6.130201e+00 1.503239e+11 1.795249e+02 9.010000e+02 1.227100e+05 8.575000e+04 8.316910e+07 5.003155e+16
36 2.777778e-02 5.169925e+00 7.200000e+01 3.000000e+02 6.218910e+00 1.546188e+11 1.861173e+02 9.720000e+02 1.298160e+05 9.331200e+04 1.111648e+08 1.500946e+17
37 2.702703e-02 5.209453e+00 7.299315e+01 3.041381e+02 6.306420e+00 1.589138e+11 1.927498e+02 1.045000e+03 1.371220e+05 1.013060e+05 1.477317e+08 4.502839e+17
38 2.631579e-02 5.247928e+00 7.397297e+01 3.082207e+02 6.392778e+00 1.632088e+11 1.994212e+02 1.120000e+03 1.446280e+05 1.097440e+05 1.952494e+08 1.350852e+18
39 2.564103e-02 5.285402e+00 7.493998e+01 3.122499e+02 6.478030e+00 1.675037e+11 2.061307e+02 1.197000e+03 1.523340e+05 1.186380e+05 2.566944e+08 4.052555e+18
40 2.500000e-02 5.321928e+00 7.589466e+01 3.162278e+02 6.562217e+00 1.717987e+11 2.128771e+02 1.276000e+03 1.602400e+05 1.280000e+05 3.357748e+08 1.215767e+19
41 2.439024e-02 5.357552e+00 7.683749e+01 3.201562e+02 6.645379e+00 1.760937e+11 2.196596e+02 1.357000e+03 1.683460e+05 1.378420e+05 4.370925e+08 3.647300e+19
42 2.380952e-02 5.392317e+00 7.776889e+01 3.240370e+02 6.727553e+00 1.803886e+11 2.264773e+02 1.440000e+03 1.766520e+05 1.481760e+05 5.663376e+08 1.094190e+20
43 2.325581e-02 5.426265e+00 7.868926e+01 3.278719e+02 6.808774e+00 1.846836e+11 2.333294e+02 1.525000e+03 1.851580e+05 1.590140e+05 7.305203e+08 3.282570e+20
44 2.272727e-02 5.459432e+00 7.959899e+01 3.316625e+02 6.889074e+00 1.889786e+11 2.402150e+02 1.612000e+03 1.938640e+05 1.703680e+05 9.382477e+08 9.847709e+20
45 2.222222e-02 5.491853e+00 8.049845e+01 3.354102e+02 6.968485e+00 1.932735e+11 2.471334e+02 1.701000e+03 2.027700e+05 1.822500e+05 1.200053e+09 2.954313e+21
46 2.173913e-02 5.523562e+00 8.138796e+01 3.391165e+02 7.047036e+00 1.975685e+11 2.540838e+02 1.792000e+03 2.118760e+05 1.946720e+05 1.528783e+09 8.862938e+21
47 2.127660e-02 5.554589e+00 8.226786e+01 3.427827e+02 7.124755e+00 2.018635e+11 2.610657e+02 1.885000e+03 2.211820e+05 2.076460e+05 1.940064e+09 2.658881e+22
48 2.083333e-02 5.584963e+00 8.313844e+01 3.464102e+02 7.201667e+00 2.061584e+11 2.680782e+02 1.980000e+03 2.306880e+05 2.211840e+05 2.452840e+09 7.976644e+22
49 2.040816e-02 5.614710e+00 8.400000e+01 3.500000e+02 7.277798e+00 2.104534e+11 2.751208e+02 2.077000e+03 2.403940e+05 2.352980e+05 3.090015e+09 2.392993e+23
50 2.000000e-02 5.643856e+00 8.485281e+01 3.535534e+02 7.353172e+00 2.147484e+11 2.821928e+02 2.176000e+03 2.503000e+05 2.500000e+05 3.879202e+09 7.178980e+23
51 1.960784e-02 5.672425e+00 8.569714e+01 3.570714e+02 7.427810e+00 2.190433e+11 2.892937e+02 2.277000e+03 2.604060e+05 2.653020e+05 4.853604e+09 2.153694e+24
52 1.923077e-02 5.700440e+00 8.653323e+01 3.605551e+02 7.501735e+00 2.233383e+11 2.964229e+02 2.380000e+03 2.707120e+05 2.812160e+05 6.053041e+09 6.461082e+24
53 1.886792e-02 5.727920e+00 8.736132e+01 3.640055e+02 7.574966e+00 2.276333e+11 3.035798e+02 2.485000e+03 2.812180e+05 2.977540e+05 7.525148e+09 1.938325e+25
54 1.851852e-02 5.754888e+00 8.818163e+01 3.674235e+02 7.647523e+00 2.319282e+11 3.107639e+02 2.592000e+03 2.919240e+05 3.149280e+05 9.326768e+09 5.814974e+25
55 1.818182e-02 5.781360e+00 8.899438e+01 3.708099e+02 7.719425e+00 2.362232e+11 3.179748e+02 2.701000e+03 3.028300e+05 3.327500e+05 1.152558e+10 1.744492e+26
56 1.785714e-02 5.807355e+00 8.979978e+01 3.741657e+02 7.790689e+00 2.405182e+11 3.252119e+02 2.812000e+03 3.139360e+05 3.512320e+05 1.420196e+10 5.233476e+26
57 1.754386e-02 5.832890e+00 9.059801e+01 3.774917e+02 7.861333e+00 2.448131e+11 3.324747e+02 2.925000e+03 3.252420e+05 3.703860e+05 1.745118e+10 1.570043e+27
58 1.724138e-02 5.857981e+00 9.138928e+01 3.807887e+02 7.931371e+00 2.491081e+11 3.397629e+02 3.040000e+03 3.367480e+05 3.902240e+05 2.138591e+10 4.710129e+27
59 1.694915e-02 5.882643e+00 9.217375e+01 3.840573e+02 8.000820e+00 2.534031e+11 3.470759e+02 3.157000e+03 3.484540e+05 4.107580e+05 2.613908e+10 1.413039e+28
60 1.666667e-02 5.906891e+00 9.295160e+01 3.872983e+02 8.069695e+00 2.576980e+11 3.544134e+02 3.276000e+03 3.603600e+05 4.320000e+05 3.186727e+10 4.239116e+28
61 1.639344e-02 5.930737e+00 9.372300e+01 3.905125e+02 8.138010e+00 2.619930e+11 3.617750e+02 3.397000e+03 3.724660e+05 4.539620e+05 3.875452e+10 1.271735e+29
62 1.612903e-02 5.954196e+00 9.448809e+01 3.937004e+02 8.205778e+00 2.662880e+11 3.691602e+02 3.520000e+03 3.847720e+05 4.766560e+05 4.701668e+10 3.815204e+29
63 1.587302e-02 5.977280e+00 9.524705e+01 3.968627e+02 8.273012e+00 2.705829e+11 3.765686e+02 3.645000e+03 3.972780e+05 5.000940e+05 5.690653e+10 1.144561e+30
64 1.562500e-02 6.000000e+00 9.600000e+01 4.000000e+02 8.339726e+00 2.748779e+11 3.840000e+02 3.772000e+03 4.099840e+05 5.242880e+05 6.871948e+10 3.433684e+30
65 1.538462e-02 6.022368e+00 9.674709e+01 4.031129e+02 8.405931e+00 2.791729e+11 3.914539e+02 3.901000e+03 4.228900e+05 5.492500e+05 8.280014e+10 1.030105e+31
66 1.515152e-02 6.044394e+00 9.748846e+01 4.062019e+02 8.471638e+00 2.834678e+11 3.989300e+02 4.032000e+03 4.359960e+05 5.749920e+05 9.954986e+10 3.090315e+31
67 1.492537e-02 6.066089e+00 9.822423e+01 4.092676e+02 8.536860e+00 2.877628e+11 4.064280e+02 4.165000e+03 4.493020e+05 6.015260e+05 1.194353e+11 9.270946e+31
68 1.470588e-02 6.087463e+00 9.895454e+01 4.123106e+02 8.601606e+00 2.920578e+11 4.139475e+02 4.300000e+03 4.628080e+05 6.288640e+05 1.429980e+11 2.781284e+32
69 1.449275e-02 6.108524e+00 9.967949e+01 4.153312e+02 8.665887e+00 2.963527e+11 4.214882e+02 4.437000e+03 4.765140e+05 6.570180e+05 1.708656e+11 8.343852e+32
70 1.428571e-02 6.129283e+00 1.003992e+02 4.183300e+02 8.729714e+00 3.006477e+11 4.290498e+02 4.576000e+03 4.904200e+05 6.860000e+05 2.037643e+11 2.503156e+33
71 1.408451e-02 6.149747e+00 1.011138e+02 4.213075e+02 8.793095e+00 3.049427e+11 4.366320e+02 4.717000e+03 5.045260e+05 7.158220e+05 2.425329e+11 7.509467e+33
72 1.388889e-02 6.169925e+00 1.018234e+02 4.242641e+02 8.856040e+00 3.092376e+11 4.442346e+02 4.860000e+03 5.188320e+05 7.464960e+05 2.881391e+11 2.252840e+34
73 1.369863e-02 6.189825e+00 1.025280e+02 4.272002e+02 8.918558e+00 3.135326e+11 4.518572e+02 5.005000e+03 5.333380e+05 7.780340e+05 3.416973e+11 6.758520e+34
74 1.351351e-02 6.209453e+00 1.032279e+02 4.301163e+02 8.980658e+00 3.178276e+11 4.594995e+02 5.152000e+03 5.480440e+05 8.104480e+05 4.044894e+11 2.027556e+35
75 1.333333e-02 6.228819e+00 1.039230e+02 4.330127e+02 9.042349e+00 3.221225e+11 4.671614e+02 5.301000e+03 5.629500e+05 8.437500e+05 4.779876e+11 6.082668e+35
76 1.315789e-02 6.247928e+00 1.046136e+02 4.358899e+02 9.103637e+00 3.264175e+11 4.748425e+02 5.452000e+03 5.780560e+05 8.779520e+05 5.638804e+11 1.824800e+36
77 1.298701e-02 6.266787e+00 1.052996e+02 4.387482e+02 9.164532e+00 3.307125e+11 4.825426e+02 5.605000e+03 5.933620e+05 9.130660e+05 6.641018e+11 5.474401e+36
78 1.282051e-02 6.285402e+00 1.059811e+02 4.415880e+02 9.225040e+00 3.350074e+11 4.902614e+02 5.760000e+03 6.088680e+05 9.491040e+05 7.808644e+11 1.642320e+37
79 1.265823e-02 6.303781e+00 1.066583e+02 4.444097e+02 9.285169e+00 3.393024e+11 4.979987e+02 5.917000e+03 6.245740e+05 9.860780e+05 9.166956e+11 4.926961e+37
80 1.250000e-02 6.321928e+00 1.073313e+02 4.472136e+02 9.344927e+00 3.435974e+11 5.057542e+02 6.076000e+03 6.404800e+05 1.024000e+06 1.074479e+12 1.478088e+38
81 1.234568e-02 6.339850e+00 1.080000e+02 4.500000e+02 9.404319e+00 3.478924e+11 5.135279e+02 6.237000e+03 6.565860e+05 1.062882e+06 1.257502e+12 4.434265e+38
82 1.219512e-02 6.357552e+00 1.086646e+02 4.527693e+02 9.463354e+00 3.521873e+11 5.213193e+02 6.400000e+03 6.728920e+05 1.102736e+06 1.469505e+12 1.330279e+39
83 1.204819e-02 6.375039e+00 1.093252e+02 4.555217e+02 9.522036e+00 3.564823e+11 5.291283e+02 6.565000e+03 6.893980e+05 1.143574e+06 1.714741e+12 3.990838e+39
84 1.190476e-02 6.392317e+00 1.099818e+02 4.582576e+02 9.580373e+00 3.607773e+11 5.369547e+02 6.732000e+03 7.061040e+05 1.185408e+06 1.998039e+12 1.197252e+40
85 1.176471e-02 6.409391e+00 1.106345e+02 4.609772e+02 9.638371e+00 3.650722e+11 5.447982e+02 6.901000e+03 7.230100e+05 1.228250e+06 2.324878e+12 3.591755e+40
86 1.162791e-02 6.426265e+00 1.112834e+02 4.636809e+02 9.696036e+00 3.693672e+11 5.526588e+02 7.072000e+03 7.401160e+05 1.272112e+06 2.701464e+12 1.077526e+41
87 1.149425e-02 6.442943e+00 1.119285e+02 4.663690e+02 9.753373e+00 3.736622e+11 5.605361e+02 7.245000e+03 7.574220e+05 1.317006e+06 3.134822e+12 3.232579e+41
88 1.136364e-02 6.459432e+00 1.125700e+02 4.690416e+02 9.810388e+00 3.779571e+11 5.684300e+02 7.420000e+03 7.749280e+05 1.362944e+06 3.632895e+12 9.697737e+41
89 1.123596e-02 6.475733e+00 1.132078e+02 4.716991e+02 9.867086e+00 3.822521e+11 5.763403e+02 7.597000e+03 7.926340e+05 1.409938e+06 4.204652e+12 2.909321e+42
90 1.111111e-02 6.491853e+00 1.138420e+02 4.743416e+02 9.923473e+00 3.865471e+11 5.842668e+02 7.776000e+03 8.105400e+05 1.458000e+06 4.860213e+12 8.727964e+42
91 1.098901e-02 6.507795e+00 1.144727e+02 4.769696e+02 9.979553e+00 3.908420e+11 5.922093e+02 7.957000e+03 8.286460e+05 1.507142e+06 5.610985e+12 2.618389e+43
92 1.086957e-02 6.523562e+00 1.151000e+02 4.795832e+02 1.003533e+01 3.951370e+11 6.001677e+02 8.140000e+03 8.469520e+05 1.557376e+06 6.469810e+12 7.855167e+43
93 1.075269e-02 6.539159e+00 1.157238e+02 4.821825e+02 1.009082e+01 3.994320e+11 6.081418e+02 8.325000e+03 8.654580e+05 1.608714e+06 7.451138e+12 2.356550e+44
94 1.063830e-02 6.554589e+00 1.163443e+02 4.847680e+02 1.014601e+01 4.037269e+11 6.161314e+02 8.512000e+03 8.841640e+05 1.661168e+06 8.571204e+12 7.069650e+44
95 1.052632e-02 6.569856e+00 1.169615e+02 4.873397e+02 1.020091e+01 4.080219e+11 6.241363e+02 8.701000e+03 9.030700e+05 1.714750e+06 9.848238e+12 2.120895e+45
96 1.041667e-02 6.584963e+00 1.175755e+02 4.898979e+02 1.025554e+01 4.123169e+11 6.321564e+02 8.892000e+03 9.221760e+05 1.769472e+06 1.130269e+13 6.362685e+45
97 1.030928e-02 6.599913e+00 1.181863e+02 4.924429e+02 1.030988e+01 4.166118e+11 6.401915e+02 9.085000e+03 9.414820e+05 1.825346e+06 1.295747e+13 1.908806e+46
98 1.020408e-02 6.614710e+00 1.187939e+02 4.949747e+02 1.036395e+01 4.209068e+11 6.482416e+02 9.280000e+03 9.609880e+05 1.882384e+06 1.483825e+13 5.726417e+46
99 1.010101e-02 6.629357e+00 1.193985e+02 4.974937e+02 1.041775e+01 4.252018e+11 6.563063e+02 9.477000e+03 9.806940e+05 1.940598e+06 1.697373e+13 1.717925e+47
100 1.000000e-02 6.643856e+00 1.200000e+02 5.000000e+02 1.047129e+01 4.294967e+11 6.643856e+02 9.676000e+03 1.000600e+06 2.000000e+06 1.939601e+13 5.153775e+47
101 9.900990e-03 6.658211e+00 1.205985e+02 5.024938e+02 1.052456e+01 4.337917e+11 6.724794e+02 9.877000e+03 1.020706e+06 2.060602e+06 2.214092e+13 1.546133e+48
102 9.803922e-03 6.672425e+00 1.211941e+02 5.049752e+02 1.057757e+01 4.380867e+11 6.805874e+02 1.008000e+04 1.041012e+06 2.122416e+06 2.524845e+13 4.638398e+48
103 9.708738e-03 6.686501e+00 1.217867e+02 5.074446e+02 1.063034e+01 4.423816e+11 6.887096e+02 1.028500e+04 1.061518e+06 2.185454e+06 2.876320e+13 1.391519e+49
104 9.615385e-03 6.700440e+00 1.223765e+02 5.099020e+02 1.068285e+01 4.466766e+11 6.968457e+02 1.049200e+04 1.082224e+06 2.249728e+06 3.273485e+13 4.174558e+49
105 9.523810e-03 6.714246e+00 1.229634e+02 5.123475e+02 1.073511e+01 4.509716e+11 7.049958e+02 1.070100e+04 1.103130e+06 2.315250e+06 3.721870e+13 1.252367e+50
106 9.433962e-03 6.727920e+00 1.235476e+02 5.147815e+02 1.078713e+01 4.552665e+11 7.131596e+02 1.091200e+04 1.124236e+06 2.382032e+06 4.227628e+13 3.757102e+50
107 9.345794e-03 6.741467e+00 1.241290e+02 5.172040e+02 1.083891e+01 4.595615e+11 7.213370e+02 1.112500e+04 1.145542e+06 2.450086e+06 4.797597e+13 1.127131e+51
108 9.259259e-03 6.754888e+00 1.247077e+02 5.196152e+02 1.089046e+01 4.638565e+11 7.295279e+02 1.134000e+04 1.167048e+06 2.519424e+06 5.439371e+13 3.381392e+51
109 9.174312e-03 6.768184e+00 1.252837e+02 5.220153e+02 1.094177e+01 4.681514e+11 7.377321e+02 1.155700e+04 1.188754e+06 2.590058e+06 6.161381e+13 1.014418e+52
110 9.090909e-03 6.781360e+00 1.258571e+02 5.244044e+02 1.099285e+01 4.724464e+11 7.459496e+02 1.177600e+04 1.210660e+06 2.662000e+06 6.972975e+13 3.043253e+52
111 9.009009e-03 6.794416e+00 1.264278e+02 5.267827e+02 1.104370e+01 4.767414e+11 7.541802e+02 1.199700e+04 1.232766e+06 2.735262e+06 7.884513e+13 9.129758e+52
112 8.928571e-03 6.807355e+00 1.269961e+02 5.291503e+02 1.109433e+01 4.810363e+11 7.624238e+02 1.222000e+04 1.255072e+06 2.809856e+06 8.907471e+13 2.738927e+53
113 8.849558e-03 6.820179e+00 1.275617e+02 5.315073e+02 1.114474e+01 4.853313e+11 7.706802e+02 1.244500e+04 1.277578e+06 2.885794e+06 1.005454e+14 8.216782e+53
114 8.771930e-03 6.832890e+00 1.281249e+02 5.338539e+02 1.119493e+01 4.896263e+11 7.789495e+02 1.267200e+04 1.300284e+06 2.963088e+06 1.133978e+14 2.465035e+54
115 8.695652e-03 6.845490e+00 1.286857e+02 5.361903e+02 1.124491e+01 4.939212e+11 7.872314e+02 1.290100e+04 1.323190e+06 3.041750e+06 1.277870e+14 7.395104e+54
116 8.620690e-03 6.857981e+00 1.292440e+02 5.385165e+02 1.129467e+01 4.982162e+11 7.955258e+02 1.313200e+04 1.346296e+06 3.121792e+06 1.438844e+14 2.218531e+55
117 8.547009e-03 6.870365e+00 1.297998e+02 5.408327e+02 1.134422e+01 5.025112e+11 8.038327e+02 1.336500e+04 1.369602e+06 3.203226e+06 1.618792e+14 6.655594e+55
118 8.474576e-03 6.882643e+00 1.303534e+02 5.431390e+02 1.139357e+01 5.068061e+11 8.121519e+02 1.360000e+04 1.393108e+06 3.286064e+06 1.819803e+14 1.996678e+56
119 8.403361e-03 6.894818e+00 1.309045e+02 5.454356e+02 1.144271e+01 5.111011e+11 8.204833e+02 1.383700e+04 1.416814e+06 3.370318e+06 2.044175e+14 5.990034e+56
120 8.333333e-03 6.906891e+00 1.314534e+02 5.477226e+02 1.149165e+01 5.153961e+11 8.288269e+02 1.407600e+04 1.440720e+06 3.456000e+06 2.294444e+14 1.797010e+57
121 8.264463e-03 6.918863e+00 1.320000e+02 5.500000e+02 1.154039e+01 5.196910e+11 8.371825e+02 1.431700e+04 1.464826e+06 3.543122e+06 2.573399e+14 5.391031e+57
122 8.196721e-03 6.930737e+00 1.325443e+02 5.522681e+02 1.158893e+01 5.239860e+11 8.455500e+02 1.456000e+04 1.489132e+06 3.631696e+06 2.884111e+14 1.617309e+58
123 8.130081e-03 6.942515e+00 1.330864e+02 5.545268e+02 1.163728e+01 5.282810e+11 8.539293e+02 1.480500e+04 1.513638e+06 3.721734e+06 3.229956e+14 4.851928e+58
124 8.064516e-03 6.954196e+00 1.336263e+02 5.567764e+02 1.168544e+01 5.325759e+11 8.623203e+02 1.505200e+04 1.538344e+06 3.813248e+06 3.614643e+14 1.455578e+59
125 8.000000e-03 6.965784e+00 1.341641e+02 5.590170e+02 1.173341e+01 5.368709e+11 8.707230e+02 1.530100e+04 1.563250e+06 3.906250e+06 4.042247e+14 4.366735e+59
126 7.936508e-03 6.977280e+00 1.346997e+02 5.612486e+02 1.178119e+01 5.411659e+11 8.791373e+02 1.555200e+04 1.588356e+06 4.000752e+06 4.517241e+14 1.310021e+60
127 7.874016e-03 6.988685e+00 1.352331e+02 5.634714e+02 1.182878e+01 5.454608e+11 8.875630e+02 1.580500e+04 1.613662e+06 4.096766e+06 5.044532e+14 3.930062e+60
128 7.812500e-03 7.000000e+00 1.357645e+02 5.656854e+02 1.187619e+01 5.497558e+11 8.960000e+02 1.606000e+04 1.639168e+06 4.194304e+06 5.629500e+14 1.179018e+61
129 7.751938e-03 7.011227e+00 1.362938e+02 5.678908e+02 1.192342e+01 5.540508e+11 9.044483e+02 1.631700e+04 1.664874e+06 4.293378e+06 6.278040e+14 3.537055e+61
130 7.692308e-03 7.022368e+00 1.368211e+02 5.700877e+02 1.197047e+01 5.583457e+11 9.129078e+02 1.657600e+04 1.690780e+06 4.394000e+06 6.996611e+14 1.061117e+62
131 7.633588e-03 7.033423e+00 1.373463e+02 5.722762e+02 1.201734e+01 5.626407e+11 9.213784e+02 1.683700e+04 1.716886e+06 4.496182e+06 7.792281e+14 3.183350e+62
132 7.575758e-03 7.044394e+00 1.378695e+02 5.744563e+02 1.206404e+01 5.669357e+11 9.298600e+02 1.710000e+04 1.743192e+06 4.599936e+06 8.672784e+14 9.550050e+62
133 7.518797e-03 7.055282e+00 1.383908e+02 5.766281e+02 1.211056e+01 5.712307e+11 9.383526e+02 1.736500e+04 1.769698e+06 4.705274e+06 9.646576e+14 2.865015e+63
134 7.462687e-03 7.066089e+00 1.389100e+02 5.787918e+02 1.215692e+01 5.755256e+11 9.468560e+02 1.763200e+04 1.796404e+06 4.812208e+06 1.072290e+15 8.595045e+63
135 7.407407e-03 7.076816e+00 1.394274e+02 5.809475e+02 1.220310e+01 5.798206e+11 9.553701e+02 1.790100e+04 1.823310e+06 4.920750e+06 1.191185e+15 2.578513e+64
136 7.352941e-03 7.087463e+00 1.399428e+02 5.830952e+02 1.224912e+01 5.841156e+11 9.638949e+02 1.817200e+04 1.850416e+06 5.030912e+06 1.322445e+15 7.735540e+64
137 7.299270e-03 7.098032e+00 1.404564e+02 5.852350e+02 1.229497e+01 5.884105e+11 9.724304e+02 1.844500e+04 1.877722e+06 5.142706e+06 1.467274e+15 2.320662e+65
138 7.246377e-03 7.108524e+00 1.409681e+02 5.873670e+02 1.234066e+01 5.927055e+11 9.809764e+02 1.872000e+04 1.905228e+06 5.256144e+06 1.626982e+15 6.961986e+65
139 7.194245e-03 7.118941e+00 1.414779e+02 5.894913e+02 1.238618e+01 5.970005e+11 9.895328e+02 1.899700e+04 1.932934e+06 5.371238e+06 1.803001e+15 2.088596e+66
140 7.142857e-03 7.129283e+00 1.419859e+02 5.916080e+02 1.243155e+01 6.012954e+11 9.980996e+02 1.927600e+04 1.960840e+06 5.488000e+06 1.996890e+15 6.265787e+66
141 7.092199e-03 7.139551e+00 1.424921e+02 5.937171e+02 1.247676e+01 6.055904e+11 1.006677e+03 1.955700e+04 1.988946e+06 5.606442e+06 2.210346e+15 1.879736e+67
142 7.042254e-03 7.149747e+00 1.429965e+02 5.958188e+02 1.252181e+01 6.098854e+11 1.015264e+03 1.984000e+04 2.017252e+06 5.726576e+06 2.445217e+15 5.639209e+67
143 6.993007e-03 7.159871e+00 1.434991e+02 5.979130e+02 1.256670e+01 6.141803e+11 1.023862e+03 2.012500e+04 2.045758e+06 5.848414e+06 2.703515e+15 1.691763e+68
144 6.944444e-03 7.169925e+00 1.440000e+02 6.000000e+02 1.261145e+01 6.184753e+11 1.032469e+03 2.041200e+04 2.074464e+06 5.971968e+06 2.987426e+15 5.075288e+68
145 6.896552e-03 7.179909e+00 1.444991e+02 6.020797e+02 1.265604e+01 6.227703e+11 1.041087e+03 2.070100e+04 2.103370e+06 6.097250e+06 3.299330e+15 1.522586e+69
146 6.849315e-03 7.189825e+00 1.449966e+02 6.041523e+02 1.270047e+01 6.270652e+11 1.049714e+03 2.099200e+04 2.132476e+06 6.224272e+06 3.641810e+15 4.567759e+69
147 6.802721e-03 7.199672e+00 1.454923e+02 6.062178e+02 1.274477e+01 6.313602e+11 1.058352e+03 2.128500e+04 2.161782e+06 6.353046e+06 4.017674e+15 1.370328e+70
148 6.756757e-03 7.209453e+00 1.459863e+02 6.082763e+02 1.278891e+01 6.356552e+11 1.066999e+03 2.158000e+04 2.191288e+06 6.483584e+06 4.429968e+15 4.110983e+70
149 6.711409e-03 7.219169e+00 1.464787e+02 6.103278e+02 1.283291e+01 6.399501e+11 1.075656e+03 2.187700e+04 2.220994e+06 6.615898e+06 4.882001e+15 1.233295e+71
150 6.666667e-03 7.228819e+00 1.469694e+02 6.123724e+02 1.287676e+01 6.442451e+11 1.084323e+03 2.217600e+04 2.250900e+06 6.750000e+06 5.377361e+15 3.699885e+71
151 6.622517e-03 7.238405e+00 1.474585e+02 6.144103e+02 1.292047e+01 6.485401e+11 1.092999e+03 2.247700e+04 2.281006e+06 6.885902e+06 5.919937e+15 1.109965e+72
152 6.578947e-03 7.247928e+00 1.479459e+02 6.164414e+02 1.296404e+01 6.528350e+11 1.101685e+03 2.278000e+04 2.311312e+06 7.023616e+06 6.513946e+15 3.329896e+72
153 6.535948e-03 7.257388e+00 1.484318e+02 6.184658e+02 1.300746e+01 6.571300e+11 1.110380e+03 2.308500e+04 2.341818e+06 7.163154e+06 7.163958e+15 9.989689e+72
154 6.493506e-03 7.266787e+00 1.489161e+02 6.204837e+02 1.305075e+01 6.614250e+11 1.119085e+03 2.339200e+04 2.372524e+06 7.304528e+06 7.874920e+15 2.996907e+73
155 6.451613e-03 7.276124e+00 1.493988e+02 6.224950e+02 1.309390e+01 6.657199e+11 1.127799e+03 2.370100e+04 2.403430e+06 7.447750e+06 8.652188e+15 8.990720e+73
156 6.410256e-03 7.285402e+00 1.498800e+02 6.244998e+02 1.313692e+01 6.700149e+11 1.136523e+03 2.401200e+04 2.434536e+06 7.592832e+06 9.501558e+15 2.697216e+74
157 6.369427e-03 7.294621e+00 1.503596e+02 6.264982e+02 1.317980e+01 6.743099e+11 1.145255e+03 2.432500e+04 2.465842e+06 7.739786e+06 1.042930e+16 8.091648e+74
158 6.329114e-03 7.303781e+00 1.508377e+02 6.284903e+02 1.322255e+01 6.786048e+11 1.153997e+03 2.464000e+04 2.497348e+06 7.888624e+06 1.144219e+16 2.427494e+75
159 6.289308e-03 7.312883e+00 1.513142e+02 6.304760e+02 1.326516e+01 6.828998e+11 1.162748e+03 2.495700e+04 2.529054e+06 8.039358e+06 1.254757e+16 7.282483e+75
160 6.250000e-03 7.321928e+00 1.517893e+02 6.324555e+02 1.330764e+01 6.871948e+11 1.171508e+03 2.527600e+04 2.560960e+06 8.192000e+06 1.375334e+16 2.184745e+76
161 6.211180e-03 7.330917e+00 1.522629e+02 6.344289e+02 1.335000e+01 6.914897e+11 1.180278e+03 2.559700e+04 2.593066e+06 8.346562e+06 1.506805e+16 6.554235e+76
162 6.172840e-03 7.339850e+00 1.527351e+02 6.363961e+02 1.339222e+01 6.957847e+11 1.189056e+03 2.592000e+04 2.625372e+06 8.503056e+06 1.650094e+16 1.966271e+77
163 6.134969e-03 7.348728e+00 1.532057e+02 6.383573e+02 1.343432e+01 7.000797e+11 1.197843e+03 2.624500e+04 2.657878e+06 8.661494e+06 1.806198e+16 5.898812e+77
164 6.097561e-03 7.357552e+00 1.536750e+02 6.403124e+02 1.347629e+01 7.043746e+11 1.206639e+03 2.657200e+04 2.690584e+06 8.821888e+06 1.976190e+16 1.769643e+78
165 6.060606e-03 7.366322e+00 1.541428e+02 6.422616e+02 1.351814e+01 7.086696e+11 1.215443e+03 2.690100e+04 2.723490e+06 8.984250e+06 2.161231e+16 5.308930e+78
166 6.024096e-03 7.375039e+00 1.546092e+02 6.442049e+02 1.355986e+01 7.129646e+11 1.224257e+03 2.723200e+04 2.756596e+06 9.148592e+06 2.362570e+16 1.592679e+79
167 5.988024e-03 7.383704e+00 1.550742e+02 6.461424e+02 1.360146e+01 7.172595e+11 1.233079e+03 2.756500e+04 2.789902e+06 9.314926e+06 2.581554e+16 4.778037e+79
168 5.952381e-03 7.392317e+00 1.555378e+02 6.480741e+02 1.364293e+01 7.215545e+11 1.241909e+03 2.790000e+04 2.823408e+06 9.483264e+06 2.819633e+16 1.433411e+80
169 5.917160e-03 7.400879e+00 1.560000e+02 6.500000e+02 1.368429e+01 7.258495e+11 1.250749e+03 2.823700e+04 2.857114e+06 9.653618e+06 3.078371e+16 4.300234e+80
170 5.882353e-03 7.409391e+00 1.564609e+02 6.519202e+02 1.372552e+01 7.301444e+11 1.259596e+03 2.857600e+04 2.891020e+06 9.826000e+06 3.359449e+16 1.290070e+81
171 5.847953e-03 7.417853e+00 1.569204e+02 6.538348e+02 1.376664e+01 7.344394e+11 1.268453e+03 2.891700e+04 2.925126e+06 1.000042e+07 3.664678e+16 3.870210e+81
172 5.813953e-03 7.426265e+00 1.573785e+02 6.557439e+02 1.380764e+01 7.387344e+11 1.277318e+03 2.926000e+04 2.959432e+06 1.017690e+07 3.996006e+16 1.161063e+82
173 5.780347e-03 7.434628e+00 1.578354e+02 6.576473e+02 1.384852e+01 7.430293e+11 1.286191e+03 2.960500e+04 2.993938e+06 1.035543e+07 4.355527e+16 3.483189e+82
174 5.747126e-03 7.442943e+00 1.582909e+02 6.595453e+02 1.388929e+01 7.473243e+11 1.295072e+03 2.995200e+04 3.028644e+06 1.053605e+07 4.745494e+16 1.044957e+83
175 5.714286e-03 7.451211e+00 1.587451e+02 6.614378e+02 1.392995e+01 7.516193e+11 1.303962e+03 3.030100e+04 3.063550e+06 1.071875e+07 5.168328e+16 3.134870e+83
176 5.681818e-03 7.459432e+00 1.591980e+02 6.633250e+02 1.397048e+01 7.559142e+11 1.312860e+03 3.065200e+04 3.098656e+06 1.090355e+07 5.626628e+16 9.404611e+83
177 5.649718e-03 7.467606e+00 1.596496e+02 6.652067e+02 1.401091e+01 7.602092e+11 1.321766e+03 3.100500e+04 3.133962e+06 1.109047e+07 6.123189e+16 2.821383e+84
178 5.617978e-03 7.475733e+00 1.601000e+02 6.670832e+02 1.405123e+01 7.645042e+11 1.330681e+03 3.136000e+04 3.169468e+06 1.127950e+07 6.661009e+16 8.464150e+84
179 5.586592e-03 7.483816e+00 1.605491e+02 6.689544e+02 1.409143e+01 7.687991e+11 1.339603e+03 3.171700e+04 3.205174e+06 1.147068e+07 7.243310e+16 2.539245e+85
180 5.555556e-03 7.491853e+00 1.609969e+02 6.708204e+02 1.413152e+01 7.730941e+11 1.348534e+03 3.207600e+04 3.241080e+06 1.166400e+07 7.873545e+16 7.617735e+85
181 5.524862e-03 7.499846e+00 1.614435e+02 6.726812e+02 1.417151e+01 7.773891e+11 1.357472e+03 3.243700e+04 3.277186e+06 1.185948e+07 8.555421e+16 2.285320e+86
182 5.494505e-03 7.507795e+00 1.618889e+02 6.745369e+02 1.421139e+01 7.816840e+11 1.366419e+03 3.280000e+04 3.313492e+06 1.205714e+07 9.292913e+16 6.855961e+86
183 5.464481e-03 7.515700e+00 1.623330e+02 6.763875e+02 1.425115e+01 7.859790e+11 1.375373e+03 3.316500e+04 3.349998e+06 1.225697e+07 1.009028e+17 2.056788e+87
184 5.434783e-03 7.523562e+00 1.627759e+02 6.782330e+02 1.429082e+01 7.902740e+11 1.384335e+03 3.353200e+04 3.386704e+06 1.245901e+07 1.095210e+17 6.170365e+87
185 5.405405e-03 7.531381e+00 1.632176e+02 6.800735e+02 1.433038e+01 7.945689e+11 1.393306e+03 3.390100e+04 3.423610e+06 1.266325e+07 1.188325e+17 1.851110e+88
186 5.376344e-03 7.539159e+00 1.636582e+02 6.819091e+02 1.436983e+01 7.988639e+11 1.402284e+03 3.427200e+04 3.460716e+06 1.286971e+07 1.288898e+17 5.553329e+88
187 5.347594e-03 7.546894e+00 1.640975e+02 6.837397e+02 1.440918e+01 8.031589e+11 1.411269e+03 3.464500e+04 3.498022e+06 1.307841e+07 1.397490e+17 1.665999e+89
188 5.319149e-03 7.554589e+00 1.645357e+02 6.855655e+02 1.444842e+01 8.074539e+11 1.420263e+03 3.502000e+04 3.535528e+06 1.328934e+07 1.514703e+17 4.997996e+89
189 5.291005e-03 7.562242e+00 1.649727e+02 6.873864e+02 1.448757e+01 8.117488e+11 1.429264e+03 3.539700e+04 3.573234e+06 1.350254e+07 1.641179e+17 1.499399e+90
190 5.263158e-03 7.569856e+00 1.654086e+02 6.892024e+02 1.452661e+01 8.160438e+11 1.438273e+03 3.577600e+04 3.611140e+06 1.371800e+07 1.777607e+17 4.498196e+90
191 5.235602e-03 7.577429e+00 1.658433e+02 6.910137e+02 1.456555e+01 8.203388e+11 1.447289e+03 3.615700e+04 3.649246e+06 1.393574e+07 1.924722e+17 1.349459e+91
192 5.208333e-03 7.584963e+00 1.662769e+02 6.928203e+02 1.460440e+01 8.246337e+11 1.456313e+03 3.654000e+04 3.687552e+06 1.415578e+07 2.083311e+17 4.048377e+91
193 5.181347e-03 7.592457e+00 1.667093e+02 6.946222e+02 1.464314e+01 8.289287e+11 1.465344e+03 3.692500e+04 3.726058e+06 1.437811e+07 2.254217e+17 1.214513e+92
194 5.154639e-03 7.599913e+00 1.671407e+02 6.964194e+02 1.468179e+01 8.332237e+11 1.474383e+03 3.731200e+04 3.764764e+06 1.460277e+07 2.438337e+17 3.643539e+92
195 5.128205e-03 7.607330e+00 1.675709e+02 6.982120e+02 1.472033e+01 8.375186e+11 1.483429e+03 3.770100e+04 3.803670e+06 1.482975e+07 2.636633e+17 1.093062e+93
196 5.102041e-03 7.614710e+00 1.680000e+02 7.000000e+02 1.475878e+01 8.418136e+11 1.492483e+03 3.809200e+04 3.842776e+06 1.505907e+07 2.850131e+17 3.279185e+93
197 5.076142e-03 7.622052e+00 1.684280e+02 7.017834e+02 1.479714e+01 8.461086e+11 1.501544e+03 3.848500e+04 3.882082e+06 1.529075e+07 3.079927e+17 9.837555e+93
198 5.050505e-03 7.629357e+00 1.688550e+02 7.035624e+02 1.483540e+01 8.504035e+11 1.510613e+03 3.888000e+04 3.921588e+06 1.552478e+07 3.327191e+17 2.951267e+94
199 5.025126e-03 7.636625e+00 1.692808e+02 7.053368e+02 1.487356e+01 8.546985e+11 1.519688e+03 3.927700e+04 3.961294e+06 1.576120e+07 3.593172e+17 8.853800e+94
200 5.000000e-03 7.643856e+00 1.697056e+02 7.071068e+02 1.491164e+01 8.589935e+11 1.528771e+03 3.967600e+04 4.001200e+06 1.600000e+07 3.879202e+17 2.656140e+95
